0 0.7512019230769231 0.07451923076923077 0.17067307692307693 0.10576923076923077
5 0.7680288461538461 0.21875 0.17548076923076922 0.11057692307692307
7 0.7728365384615384 0.3605769230769231 0.17067307692307693 0.10576923076923077
8 0.7680288461538461 0.49038461538461536 0.17067307692307693 0.10576923076923077
9 0.765625 0.6334134615384616 0.17067307692307693 0.10336538461538461
10 0.7668269230769231 0.7692307692307693 0.17307692307692307 0.10576923076923077
11 0.7271634615384616 0.9242788461538461 0.17548076923076922 0.11298076923076923
12 0.375 0.07451923076923077 0.20673076923076922 0.11538461538461539
1 0.37740384615384615 0.21995192307692307 0.20673076923076922 0.11298076923076923
2 0.37259615384615385 0.3605769230769231 0.20673076923076922 0.11057692307692307
6 0.390625 0.5180288461538461 0.20432692307692307 0.10817307692307693
3 0.3858173076923077 0.6706730769230769 0.20432692307692307 0.11057692307692307
4 0.3894230769230769 0.8112980769230769 0.20192307692307693 0.11298076923076923