0 0.90625 0.5600961538461539 0.10576923076923077 0.15865384615384615
5 0.7692307692307693 0.5865384615384616 0.10096153846153846 0.16346153846153846
7 0.6334134615384616 0.5997596153846154 0.10336538461538461 0.15144230769230768
8 0.5108173076923077 0.6069711538461539 0.10336538461538461 0.15625
9 0.375 0.6153846153846154 0.10096153846153846 0.15384615384615385
10 0.2439903846153846 0.6262019230769231 0.10817307692307693 0.16105769230769232
11 0.09375 0.5997596153846154 0.11057692307692307 0.1658653846153846
12 0.8942307692307693 0.203125 0.11057692307692307 0.18990384615384615
1 0.7560096153846154 0.21634615384615385 0.10817307692307693 0.1875
2 0.6213942307692307 0.22115384615384615 0.10817307692307693 0.19230769230769232
6 0.47596153846153844 0.2512019230769231 0.10096153846153846 0.18990384615384615
3 0.3293269230769231 0.25841346153846156 0.10576923076923077 0.19471153846153846
4 0.19831730769230768 0.26802884615384615 0.10817307692307693 0.18990384615384615