0 0.9278846153846154 0.6502403846153846 0.10576923076923077 0.18028846153846154
5 0.7908653846153846 0.6574519230769231 0.10576923076923077 0.18509615384615385
7 0.6514423076923077 0.6574519230769231 0.10576923076923077 0.18028846153846154
8 0.5288461538461539 0.6478365384615384 0.10096153846153846 0.18509615384615385
9 0.38461538461538464 0.6358173076923077 0.10576923076923077 0.18509615384615385
10 0.24879807692307693 0.6262019230769231 0.10817307692307693 0.18509615384615385
11 0.09735576923076923 0.5805288461538461 0.10817307692307693 0.19471153846153846
12 0.8966346153846154 0.29927884615384615 0.10096153846153846 0.15625
1 0.7668269230769231 0.2932692307692308 0.10096153846153846 0.15865384615384615
2 0.6418269230769231 0.2824519230769231 0.10096153846153846 0.16105769230769232
6 0.5048076923076923 0.28846153846153844 0.10096153846153846 0.15865384615384615
3 0.36538461538461536 0.27524038461538464 0.10096153846153846 0.16105769230769232
4 0.23918269230769232 0.265625 0.0985576923076923 0.1658653846153846