0 0.09615384615384616 0.24278846153846154 0.11057692307692307 0.1778846153846154
5 0.2403846153846154 0.22235576923076922 0.10576923076923077 0.18028846153846154
7 0.38461538461538464 0.21754807692307693 0.10576923076923077 0.17548076923076922
8 0.5132211538461539 0.21995192307692307 0.10817307692307693 0.17548076923076922
9 0.6610576923076923 0.21875 0.11057692307692307 0.1778846153846154
10 0.8016826923076923 0.21634615384615385 0.11298076923076923 0.1778846153846154
11 0.9495192307692307 0.2548076923076923 0.09615384615384616 0.1875
12 0.09615384615384616 0.6225961538461539 0.1201923076923077 0.21153846153846154
1 0.2439903846153846 0.6177884615384616 0.11778846153846154 0.21153846153846154
2 0.38461538461538464 0.6225961538461539 0.11057692307692307 0.20673076923076922
6 0.5444711538461539 0.6033653846153846 0.11298076923076923 0.21153846153846154
3 0.6995192307692307 0.6069711538461539 0.11057692307692307 0.2091346153846154
4 0.84375 0.6021634615384616 0.11538461538461539 0.2091346153846154