0 0.5661057692307693 0.08413461538461539 0.16105769230769232 0.10096153846153846
5 0.5889423076923077 0.22115384615384615 0.16346153846153846 0.10096153846153846
7 0.5997596153846154 0.359375 0.15625 0.10336538461538461
8 0.6033653846153846 0.4831730769230769 0.16346153846153846 0.10096153846153846
9 0.6057692307692307 0.6213942307692307 0.16346153846153846 0.0985576923076923
10 0.6105769230769231 0.7572115384615384 0.15865384615384615 0.11057692307692307
11 0.5793269230769231 0.9074519230769231 0.16826923076923078 0.11298076923076923
12 0.20552884615384615 0.09975961538461539 0.18028846153846154 0.11298076923076923
1 0.21394230769230768 0.23557692307692307 0.1875 0.11057692307692307
2 0.21754807692307693 0.3701923076923077 0.18509615384615385 0.10576923076923077
6 0.23918269230769232 0.515625 0.18509615384615385 0.10336538461538461
3 0.24158653846153846 0.6634615384615384 0.18509615384615385 0.10576923076923077
4 0.24879807692307693 0.7980769230769231 0.18509615384615385 0.11057692307692307