0 0.12620192307692307 0.2644230769230769 0.11298076923076923 0.1778846153846154
5 0.2704326923076923 0.24158653846153846 0.10817307692307693 0.18509615384615385
7 0.41586538461538464 0.23197115384615385 0.10576923076923077 0.17548076923076922
8 0.5432692307692307 0.23076923076923078 0.10576923076923077 0.1778846153846154
9 0.6959134615384616 0.22596153846153846 0.11298076923076923 0.1778846153846154
10 0.8401442307692307 0.22115384615384615 0.11298076923076923 0.18269230769230768
11 0.9711538461538461 0.25721153846153844 0.052884615384615384 0.1875
12 0.125 0.6454326923076923 0.11538461538461539 0.21394230769230768
1 0.27283653846153844 0.6418269230769231 0.11778846153846154 0.21153846153846154
2 0.4182692307692308 0.6418269230769231 0.11057692307692307 0.21153846153846154
6 0.578125 0.6225961538461539 0.11298076923076923 0.21153846153846154
3 0.7403846153846154 0.6225961538461539 0.11538461538461539 0.21634615384615385
4 0.890625 0.6165865384615384 0.11778846153846154 0.21875