0 0.0673076923076923 0.7439903846153846 0.10576923076923077 0.1658653846153846
5 0.2091346153846154 0.7584134615384616 0.10576923076923077 0.17067307692307693
7 0.35096153846153844 0.7596153846153846 0.10576923076923077 0.16826923076923078
8 0.47596153846153844 0.7524038461538461 0.10096153846153846 0.16346153846153846
9 0.6153846153846154 0.7487980769230769 0.10096153846153846 0.1658653846153846
10 0.75 0.7463942307692307 0.10576923076923077 0.1658653846153846
11 0.9002403846153846 0.7055288461538461 0.10817307692307693 0.17067307692307693
12 0.06490384615384616 0.3701923076923077 0.11538461538461539 0.20192307692307693
1 0.21033653846153846 0.37259615384615385 0.11298076923076923 0.20192307692307693
2 0.35096153846153844 0.36538461538461536 0.11057692307692307 0.20192307692307693
6 0.5036057692307693 0.38221153846153844 0.10336538461538461 0.1971153846153846
3 0.6514423076923077 0.3762019230769231 0.10576923076923077 0.19951923076923078
4 0.7872596153846154 0.37740384615384615 0.10817307692307693 0.20192307692307693