0 0.4891826923076923 0.9266826923076923 0.17067307692307693 0.10336538461538461
5 0.5072115384615384 0.7896634615384616 0.17307692307692307 0.10336538461538461
7 0.515625 0.6514423076923077 0.17067307692307693 0.10096153846153846
8 0.5144230769230769 0.5288461538461539 0.17307692307692307 0.10096153846153846
9 0.5108173076923077 0.38822115384615385 0.17548076923076922 0.10336538461538461
10 0.5096153846153846 0.2512019230769231 0.17307692307692307 0.10336538461538461
11 0.4723557692307692 0.0985576923076923 0.18028846153846154 0.10576923076923077
12 0.1346153846153846 0.90625 0.16826923076923078 0.10576923076923077
1 0.1346153846153846 0.7740384615384616 0.16826923076923078 0.10576923076923077
2 0.13221153846153846 0.6430288461538461 0.17307692307692307 0.10336538461538461
6 0.14783653846153846 0.4987980769230769 0.17067307692307693 0.10336538461538461
3 0.14302884615384615 0.3545673076923077 0.17548076923076922 0.10336538461538461
4 0.14543269230769232 0.22115384615384615 0.17067307692307693 0.10576923076923077