0 0.9278846153846154 0.34975961538461536 0.10576923076923077 0.18028846153846154
5 0.7908653846153846 0.3425480769230769 0.10576923076923077 0.18509615384615385
7 0.6514423076923077 0.3425480769230769 0.10576923076923077 0.18028846153846154
8 0.5288461538461539 0.35216346153846156 0.10096153846153846 0.18509615384615385
9 0.38461538461538464 0.3641826923076923 0.10576923076923077 0.18509615384615385
10 0.24879807692307693 0.3737980769230769 0.10817307692307693 0.18509615384615385
11 0.09735576923076923 0.41947115384615385 0.10817307692307693 0.19471153846153846
12 0.8966346153846154 0.7007211538461539 0.10096153846153846 0.15625
1 0.7668269230769231 0.7067307692307693 0.10096153846153846 0.15865384615384615
2 0.6418269230769231 0.7175480769230769 0.10096153846153846 0.16105769230769232
6 0.5048076923076923 0.7115384615384616 0.10096153846153846 0.15865384615384615
3 0.36538461538461536 0.7247596153846154 0.10096153846153846 0.16105769230769232
4 0.23918269230769232 0.734375 0.0985576923076923 0.1658653846153846