0 0.8653846153846154 0.17067307692307693 0.10576923076923077 0.16346153846153846
5 0.7235576923076923 0.15625 0.10096153846153846 0.17307692307692307
7 0.5805288461538461 0.15504807692307693 0.10336538461538461 0.1658653846153846
8 0.4567307692307692 0.15985576923076922 0.10096153846153846 0.1658653846153846
9 0.3076923076923077 0.16346153846153846 0.10576923076923077 0.16826923076923078
10 0.17427884615384615 0.1658653846153846 0.10817307692307693 0.16826923076923078
11 0.039663461538461536 0.20673076923076922 0.07451923076923077 0.1778846153846154
12 0.8521634615384616 0.5480769230769231 0.11298076923076923 0.19230769230769232
1 0.7115384615384616 0.546875 0.11057692307692307 0.18990384615384615
2 0.5769230769230769 0.5552884615384616 0.10096153846153846 0.1875
6 0.42788461538461536 0.5408653846153846 0.10096153846153846 0.1875
3 0.2776442307692308 0.546875 0.10817307692307693 0.18990384615384615
4 0.14302884615384615 0.5480769230769231 0.11298076923076923 0.19230769230769232