0 0.8040865384615384 0.9074519230769231 0.17067307692307693 0.10817307692307693
5 0.8161057692307693 0.765625 0.17548076923076922 0.10336538461538461
7 0.8185096153846154 0.6213942307692307 0.17067307692307693 0.10336538461538461
8 0.8125 0.4951923076923077 0.16826923076923078 0.10576923076923077
9 0.8064903846153846 0.35096153846153844 0.17067307692307693 0.10576923076923077
10 0.8040865384615384 0.21394230769230768 0.17067307692307693 0.11057692307692307
11 0.7620192307692307 0.06490384615384616 0.1778846153846154 0.11057692307692307
12 0.4254807692307692 0.9014423076923077 0.20192307692307693 0.11538461538461539
1 0.4254807692307692 0.7584134615384616 0.20192307692307693 0.11298076923076923
2 0.4182692307692308 0.6201923076923077 0.1971153846153846 0.10576923076923077
6 0.4338942307692308 0.4675480769230769 0.19471153846153846 0.10336538461538461
3 0.4254807692307692 0.3173076923076923 0.1971153846153846 0.11057692307692307
4 0.42427884615384615 0.18028846153846154 0.19951923076923078 0.11057692307692307