0 0.9086538461538461 0.5612980769230769 0.10576923076923077 0.15625
5 0.7728365384615384 0.5901442307692307 0.10336538461538461 0.16105769230769232
7 0.6370192307692307 0.6057692307692307 0.09615384615384616 0.15384615384615385
8 0.5168269230769231 0.6153846153846154 0.09615384615384616 0.15384615384615385
9 0.38461538461538464 0.625 0.10096153846153846 0.15384615384615385
10 0.25600961538461536 0.6382211538461539 0.0985576923076923 0.15625
11 0.109375 0.6129807692307693 0.10336538461538461 0.15865384615384615
12 0.8966346153846154 0.2091346153846154 0.11057692307692307 0.1875
1 0.7608173076923077 0.2247596153846154 0.10336538461538461 0.18990384615384615
2 0.6262019230769231 0.23317307692307693 0.10336538461538461 0.19230769230769232
6 0.48197115384615385 0.2644230769230769 0.0985576923076923 0.19230769230769232
3 0.33533653846153844 0.27403846153846156 0.10336538461538461 0.1875
4 0.203125 0.2848557692307692 0.10817307692307693 0.18990384615384615