0 0.25721153846153844 0.8689903846153846 0.1778846153846154 0.11298076923076923
5 0.234375 0.7235576923076923 0.18509615384615385 0.11538461538461539
7 0.2247596153846154 0.578125 0.18509615384615385 0.10817307692307693
8 0.21995192307692307 0.44471153846153844 0.18028846153846154 0.11057692307692307
9 0.2127403846153846 0.2932692307692308 0.18509615384615385 0.11538461538461539
10 0.20432692307692307 0.1502403846153846 0.1875 0.11298076923076923
11 0.24158653846153846 0.021634615384615384 0.18509615384615385 0.038461538461538464
12 0.6442307692307693 0.8713942307692307 0.21634615384615385 0.11778846153846154
1 0.6370192307692307 0.7211538461538461 0.21634615384615385 0.11538461538461539
2 0.6370192307692307 0.5733173076923077 0.21634615384615385 0.11298076923076923
6 0.6129807692307693 0.4098557692307692 0.21634615384615385 0.11298076923076923
3 0.6153846153846154 0.24639423076923078 0.22115384615384615 0.11778846153846154
4 0.6069711538461539 0.09495192307692307 0.22355769230769232 0.12259615384615384