0 0.09495192307692307 0.5552884615384616 0.10336538461538461 0.15384615384615385
5 0.22956730769230768 0.5841346153846154 0.0985576923076923 0.16346153846153846
7 0.36538461538461536 0.5985576923076923 0.09615384615384616 0.15384615384615385
8 0.484375 0.6081730769230769 0.09375 0.15384615384615385
9 0.6225961538461539 0.6177884615384616 0.10096153846153846 0.15384615384615385
10 0.7536057692307693 0.6298076923076923 0.10336538461538461 0.15865384615384615
11 0.8990384615384616 0.6045673076923077 0.11057692307692307 0.16105769230769232
12 0.10576923076923077 0.20072115384615385 0.11057692307692307 0.18990384615384615
1 0.24158653846153846 0.21514423076923078 0.10817307692307693 0.18990384615384615
2 0.375 0.22355769230769232 0.10096153846153846 0.19230769230769232
6 0.5216346153846154 0.2536057692307692 0.10096153846153846 0.18990384615384615
3 0.6682692307692307 0.25961538461538464 0.10576923076923077 0.19230769230769232
4 0.7992788461538461 0.27403846153846156 0.10817307692307693 0.19230769230769232