0 0.13942307692307693 0.8389423076923077 0.11057692307692307 0.18269230769230768
5 0.2848557692307692 0.8509615384615384 0.10817307692307693 0.18269230769230768
7 0.43149038461538464 0.8581730769230769 0.10817307692307693 0.1875
8 0.5649038461538461 0.8545673076923077 0.11057692307692307 0.18990384615384615
9 0.7139423076923077 0.8509615384615384 0.11057692307692307 0.1875
10 0.8605769230769231 0.8485576923076923 0.11538461538461539 0.18269230769230768
11 0.9783653846153846 0.8064903846153846 0.038461538461538464 0.19471153846153846
12 0.1622596153846154 0.44711538461538464 0.11298076923076923 0.1875
1 0.30528846153846156 0.4483173076923077 0.11538461538461539 0.18990384615384615
2 0.4411057692307692 0.4423076923076923 0.10336538461538461 0.1875
6 0.5925480769230769 0.4567307692307692 0.10817307692307693 0.1875
3 0.7439903846153846 0.4495192307692308 0.10817307692307693 0.19230769230769232
4 0.8822115384615384 0.4495192307692308 0.11538461538461539 0.19230769230769232