0 0.06610576923076923 0.7716346153846154 0.11298076923076923 0.1875
5 0.20673076923076922 0.7788461538461539 0.11057692307692307 0.19230769230769232
7 0.35216346153846156 0.7764423076923077 0.10817307692307693 0.19230769230769232
8 0.4807692307692308 0.765625 0.10096153846153846 0.19471153846153846
9 0.6322115384615384 0.7524038461538461 0.10576923076923077 0.1971153846153846
10 0.7716346153846154 0.7439903846153846 0.11538461538461539 0.19471153846153846
11 0.9266826923076923 0.6971153846153846 0.11298076923076923 0.20192307692307693
12 0.10096153846153846 0.4026442307692308 0.10576923076923077 0.16105769230769232
1 0.23197115384615385 0.39663461538461536 0.10336538461538461 0.16346153846153846
2 0.3641826923076923 0.3858173076923077 0.10336538461538461 0.16105769230769232
6 0.5048076923076923 0.3918269230769231 0.10096153846153846 0.15865384615384615
3 0.6466346153846154 0.38100961538461536 0.10096153846153846 0.16105769230769232
4 0.7776442307692307 0.37259615384615385 0.10817307692307693 0.16826923076923078