0 0.8677884615384616 0.16826923076923078 0.11057692307692307 0.18269230769230768
5 0.7199519230769231 0.15264423076923078 0.11298076923076923 0.18509615384615385
7 0.5733173076923077 0.14783653846153846 0.10817307692307693 0.18990384615384615
8 0.4411057692307692 0.15264423076923078 0.10817307692307693 0.18990384615384615
9 0.28966346153846156 0.15625 0.11298076923076923 0.19230769230769232
10 0.14302884615384615 0.15745192307692307 0.11298076923076923 0.19471153846153846
11 0.021634615384615384 0.20192307692307693 0.038461538461538464 0.1971153846153846
12 0.84375 0.5576923076923077 0.11057692307692307 0.18269230769230768
1 0.7019230769230769 0.5576923076923077 0.11057692307692307 0.18269230769230768
2 0.5649038461538461 0.5649038461538461 0.10576923076923077 0.18269230769230768
6 0.41346153846153844 0.5516826923076923 0.10576923076923077 0.18028846153846154
3 0.26322115384615385 0.5564903846153846 0.10817307692307693 0.18509615384615385
4 0.12379807692307693 0.5576923076923077 0.11298076923076923 0.1875