0 0.8762019230769231 0.16105769230769232 0.10817307692307693 0.1875
5 0.7295673076923077 0.14783653846153846 0.10817307692307693 0.18509615384615385
7 0.5805288461538461 0.14423076923076922 0.10817307692307693 0.1875
8 0.4495192307692308 0.14783653846153846 0.10576923076923077 0.18990384615384615
9 0.2956730769230769 0.1502403846153846 0.11538461538461539 0.19471153846153846
10 0.1502403846153846 0.15625 0.11298076923076923 0.1875
11 0.025240384615384616 0.20072115384615385 0.04567307692307692 0.19951923076923078
12 0.8485576923076923 0.5492788461538461 0.11057692307692307 0.18028846153846154
1 0.7067307692307693 0.5480769230769231 0.11057692307692307 0.1778846153846154
2 0.5721153846153846 0.5576923076923077 0.10096153846153846 0.1778846153846154
6 0.4230769230769231 0.5444711538461539 0.10576923076923077 0.18028846153846154
3 0.27163461538461536 0.5504807692307693 0.11057692307692307 0.18269230769230768
4 0.13341346153846154 0.5492788461538461 0.11298076923076923 0.18509615384615385