0 0.9326923076923077 0.6574519230769231 0.10576923076923077 0.18509615384615385
5 0.796875 0.6634615384615384 0.10817307692307693 0.18269230769230768
7 0.65625 0.6598557692307693 0.10576923076923077 0.18509615384615385
8 0.5348557692307693 0.6502403846153846 0.10336538461538461 0.18509615384615385
9 0.390625 0.6358173076923077 0.10336538461538461 0.18509615384615385
10 0.2548076923076923 0.6286057692307693 0.10576923076923077 0.18509615384615385
11 0.10096153846153846 0.5793269230769231 0.11057692307692307 0.1971153846153846
12 0.8990384615384616 0.30408653846153844 0.10576923076923077 0.15625
1 0.7704326923076923 0.2980769230769231 0.10336538461538461 0.15865384615384615
2 0.6454326923076923 0.2848557692307692 0.0985576923076923 0.16105769230769232
6 0.5072115384615384 0.29086538461538464 0.09615384615384616 0.15865384615384615
3 0.3713942307692308 0.2776442307692308 0.0985576923076923 0.16105769230769232
4 0.2439903846153846 0.2668269230769231 0.0985576923076923 0.16826923076923078