0 0.2620192307692308 0.8834134615384616 0.1778846153846154 0.11298076923076923
5 0.24158653846153846 0.7391826923076923 0.18509615384615385 0.10817307692307693
7 0.23317307692307693 0.5925480769230769 0.1778846153846154 0.10817307692307693
8 0.23197115384615385 0.4639423076923077 0.17548076923076922 0.10576923076923077
9 0.22716346153846154 0.3125 0.18028846153846154 0.11057692307692307
10 0.2247596153846154 0.17307692307692307 0.18028846153846154 0.11057692307692307
11 0.2620192307692308 0.03485576923076923 0.1875 0.06490384615384616
12 0.6442307692307693 0.8846153846153846 0.20673076923076922 0.11538461538461539
1 0.6382211538461539 0.734375 0.2091346153846154 0.11778846153846154
2 0.640625 0.5925480769230769 0.2091346153846154 0.10817307692307693
6 0.6213942307692307 0.4326923076923077 0.2091346153846154 0.11057692307692307
3 0.6225961538461539 0.2704326923076923 0.21153846153846154 0.11298076923076923
4 0.6177884615384616 0.12379807692307693 0.21634615384615385 0.11778846153846154