0 0.3425480769230769 0.9326923076923077 0.18509615384615385 0.10576923076923077
5 0.33653846153846156 0.796875 0.18269230769230768 0.10817307692307693
7 0.3401442307692308 0.65625 0.18509615384615385 0.10576923076923077
8 0.34975961538461536 0.5348557692307693 0.18509615384615385 0.10336538461538461
9 0.3641826923076923 0.390625 0.18509615384615385 0.10336538461538461
10 0.3713942307692308 0.2548076923076923 0.18509615384615385 0.10576923076923077
11 0.4206730769230769 0.10096153846153846 0.1971153846153846 0.11057692307692307
12 0.6959134615384616 0.8990384615384616 0.15625 0.10576923076923077
1 0.7019230769230769 0.7704326923076923 0.15865384615384615 0.10336538461538461
2 0.7151442307692307 0.6454326923076923 0.16105769230769232 0.0985576923076923
6 0.7091346153846154 0.5072115384615384 0.15865384615384615 0.09615384615384616
3 0.7223557692307693 0.3713942307692308 0.16105769230769232 0.0985576923076923
4 0.7331730769230769 0.2439903846153846 0.16826923076923078 0.0985576923076923