0 0.09975961538461539 0.15985576923076922 0.11298076923076923 0.18990384615384615
5 0.24158653846153846 0.14903846153846154 0.10817307692307693 0.19230769230769232
7 0.3870192307692308 0.14903846153846154 0.11057692307692307 0.19230769230769232
8 0.5168269230769231 0.15504807692307693 0.11057692307692307 0.19951923076923078
9 0.6694711538461539 0.1622596153846154 0.11298076923076923 0.19471153846153846
10 0.8125 0.17067307692307693 0.11538461538461539 0.19230769230769232
11 0.953125 0.21394230769230768 0.0889423076923077 0.20192307692307693
12 0.12980769230769232 0.5348557692307693 0.10576923076923077 0.1658653846153846
1 0.26802884615384615 0.5372596153846154 0.10817307692307693 0.1658653846153846
2 0.39903846153846156 0.5480769230769231 0.10096153846153846 0.16346153846153846
6 0.5420673076923077 0.5372596153846154 0.10336538461538461 0.1658653846153846
3 0.6862980769230769 0.5444711538461539 0.10336538461538461 0.1658653846153846
4 0.8185096153846154 0.5480769230769231 0.10817307692307693 0.16826923076923078