0 0.25600961538461536 0.9326923076923077 0.1658653846153846 0.10576923076923077
5 0.24158653846153846 0.7908653846153846 0.17067307692307693 0.10576923076923077
7 0.2403846153846154 0.6490384615384616 0.16826923076923078 0.10576923076923077
8 0.24759615384615385 0.5240384615384616 0.16346153846153846 0.10096153846153846
9 0.2512019230769231 0.38461538461538464 0.1658653846153846 0.10096153846153846
10 0.2536057692307692 0.25 0.1658653846153846 0.10576923076923077
11 0.29447115384615385 0.09975961538461539 0.17067307692307693 0.10817307692307693
12 0.6298076923076923 0.9350961538461539 0.20192307692307693 0.11538461538461539
1 0.6274038461538461 0.7896634615384616 0.20192307692307693 0.11298076923076923
2 0.6346153846153846 0.6490384615384616 0.20192307692307693 0.11057692307692307
6 0.6177884615384616 0.4963942307692308 0.1971153846153846 0.10336538461538461
3 0.6237980769230769 0.3485576923076923 0.19951923076923078 0.10576923076923077
4 0.6225961538461539 0.2127403846153846 0.20192307692307693 0.10817307692307693