0 0.9302884615384616 0.2536057692307692 0.10576923076923077 0.17067307692307693
5 0.7872596153846154 0.23918269230769232 0.10336538461538461 0.17548076923076922
7 0.6442307692307693 0.23557692307692307 0.10576923076923077 0.17307692307692307
8 0.5192307692307693 0.2403846153846154 0.10576923076923077 0.16826923076923078
9 0.375 0.24278846153846154 0.10096153846153846 0.17307692307692307
10 0.23677884615384615 0.24278846153846154 0.10817307692307693 0.16826923076923078
11 0.08653846153846154 0.28365384615384615 0.11057692307692307 0.1778846153846154
12 0.9326923076923077 0.6298076923076923 0.11538461538461539 0.20673076923076922
1 0.7860576923076923 0.6298076923076923 0.11538461538461539 0.20192307692307693
2 0.6430288461538461 0.6334134615384616 0.11298076923076923 0.20432692307692307
6 0.49038461538461536 0.6165865384615384 0.10576923076923077 0.19951923076923078
3 0.3389423076923077 0.6213942307692307 0.11057692307692307 0.20432692307692307
4 0.19951923076923078 0.6189903846153846 0.11057692307692307 0.20432692307692307