0 0.5949519230769231 0.9134615384615384 0.16105769230769232 0.10096153846153846
5 0.6237980769230769 0.7776442307692307 0.1658653846153846 0.10336538461538461
7 0.6394230769230769 0.6466346153846154 0.15384615384615385 0.10096153846153846
8 0.6502403846153846 0.5276442307692307 0.15625 0.0985576923076923
9 0.6610576923076923 0.39302884615384615 0.15865384615384615 0.0985576923076923
10 0.671875 0.26802884615384615 0.16105769230769232 0.10336538461538461
11 0.6490384615384616 0.1201923076923077 0.16346153846153846 0.10096153846153846
12 0.24759615384615385 0.9050480769230769 0.19230769230769232 0.10817307692307693
1 0.2608173076923077 0.7704326923076923 0.19471153846153846 0.10817307692307693
2 0.2704326923076923 0.6358173076923077 0.19471153846153846 0.10817307692307693
6 0.3016826923076923 0.49038461538461536 0.19471153846153846 0.10096153846153846
3 0.3112980769230769 0.3485576923076923 0.18990384615384615 0.10096153846153846
4 0.32572115384615385 0.21634615384615385 0.18990384615384615 0.10576923076923077