0 0.19591346153846154 0.9074519230769231 0.17067307692307693 0.10817307692307693
5 0.18389423076923078 0.765625 0.17548076923076922 0.10336538461538461
7 0.1814903846153846 0.6213942307692307 0.17067307692307693 0.10336538461538461
8 0.1875 0.4951923076923077 0.16826923076923078 0.10576923076923077
9 0.1935096153846154 0.35096153846153844 0.17067307692307693 0.10576923076923077
10 0.19591346153846154 0.21394230769230768 0.17067307692307693 0.11057692307692307
11 0.23798076923076922 0.06490384615384616 0.1778846153846154 0.11057692307692307
12 0.5745192307692307 0.9014423076923077 0.20192307692307693 0.11538461538461539
1 0.5745192307692307 0.7584134615384616 0.20192307692307693 0.11298076923076923
2 0.5817307692307693 0.6201923076923077 0.1971153846153846 0.10576923076923077
6 0.5661057692307693 0.4675480769230769 0.19471153846153846 0.10336538461538461
3 0.5745192307692307 0.3173076923076923 0.1971153846153846 0.11057692307692307
4 0.5757211538461539 0.18028846153846154 0.19951923076923078 0.11057692307692307