0 0.9086538461538461 0.4411057692307692 0.10576923076923077 0.16105769230769232
5 0.7716346153846154 0.41466346153846156 0.10096153846153846 0.1658653846153846
7 0.6358173076923077 0.4050480769230769 0.10336538461538461 0.15144230769230768
8 0.5144230769230769 0.39783653846153844 0.09615384615384616 0.15144230769230768
9 0.3737980769230769 0.3942307692307692 0.0985576923076923 0.15384615384615385
10 0.23918269230769232 0.38461538461538464 0.10817307692307693 0.15865384615384615
11 0.09134615384615384 0.41225961538461536 0.11057692307692307 0.1658653846153846
12 0.8966346153846154 0.7992788461538461 0.11057692307692307 0.18509615384615385
1 0.7584134615384616 0.7884615384615384 0.10817307692307693 0.1875
2 0.6262019230769231 0.7836538461538461 0.10817307692307693 0.1875
6 0.47596153846153844 0.7560096153846154 0.10576923076923077 0.18990384615384615
3 0.3317307692307692 0.7524038461538461 0.10576923076923077 0.1875
4 0.1971153846153846 0.7427884615384616 0.11057692307692307 0.19230769230769232