0 0.8581730769230769 0.1310096153846154 0.10576923076923077 0.17067307692307693
5 0.7139423076923077 0.11538461538461539 0.11057692307692307 0.1778846153846154
7 0.5709134615384616 0.11057692307692307 0.10336538461538461 0.17307692307692307
8 0.43990384615384615 0.11658653846153846 0.10576923076923077 0.17067307692307693
9 0.2920673076923077 0.11778846153846154 0.10817307692307693 0.17307692307692307
10 0.15264423076923078 0.12139423076923077 0.11298076923076923 0.17067307692307693
11 0.027644230769230768 0.16105769230769232 0.05048076923076923 0.1875
12 0.8401442307692307 0.5144230769230769 0.11298076923076923 0.19230769230769232
1 0.6995192307692307 0.5132211538461539 0.11057692307692307 0.18990384615384615
2 0.5625 0.5180288461538461 0.10576923076923077 0.18990384615384615
6 0.41346153846153844 0.5060096153846154 0.10576923076923077 0.18990384615384615
3 0.2620192307692308 0.5096153846153846 0.11057692307692307 0.1971153846153846
4 0.125 0.5084134615384616 0.11057692307692307 0.19471153846153846