0 0.14182692307692307 0.14302884615384615 0.11057692307692307 0.17548076923076922
5 0.2848557692307692 0.125 0.10817307692307693 0.1778846153846154
7 0.43149038461538464 0.1201923076923077 0.10336538461538461 0.18269230769230768
8 0.5625 0.12379807692307693 0.10576923076923077 0.18028846153846154
9 0.7151442307692307 0.12860576923076922 0.11298076923076923 0.18028846153846154
10 0.8581730769230769 0.12980769230769232 0.11538461538461539 0.1778846153846154
11 0.9771634615384616 0.171875 0.040865384615384616 0.18990384615384615
12 0.16105769230769232 0.53125 0.11057692307692307 0.19230769230769232
1 0.30408653846153844 0.53125 0.11298076923076923 0.19230769230769232
2 0.43990384615384615 0.5360576923076923 0.10576923076923077 0.1875
6 0.5913461538461539 0.5228365384615384 0.10576923076923077 0.18990384615384615
3 0.7439903846153846 0.5264423076923077 0.10817307692307693 0.19230769230769232
4 0.8822115384615384 0.5252403846153846 0.11057692307692307 0.19471153846153846