0 0.1310096153846154 0.7175480769230769 0.11298076923076923 0.17548076923076922
5 0.2764423076923077 0.7415865384615384 0.11057692307692307 0.18509615384615385
7 0.42427884615384615 0.7548076923076923 0.10817307692307693 0.18269230769230768
8 0.5564903846153846 0.7608173076923077 0.10817307692307693 0.18028846153846154
9 0.7139423076923077 0.7680288461538461 0.11538461538461539 0.18509615384615385
10 0.8581730769230769 0.7752403846153846 0.11538461538461539 0.18509615384615385
11 0.9819711538461539 0.7427884615384616 0.03125 0.18269230769230768
12 0.12980769230769232 0.3293269230769231 0.1201923076923077 0.21634615384615385
1 0.28365384615384615 0.3389423076923077 0.1201923076923077 0.21634615384615385
2 0.43149038461538464 0.3389423076923077 0.11298076923076923 0.21634615384615385
6 0.5961538461538461 0.3641826923076923 0.11538461538461539 0.21875
3 0.7632211538461539 0.36538461538461536 0.11778846153846154 0.22115384615384615
4 0.9146634615384616 0.37259615384615385 0.12740384615384615 0.22596153846153846