0 0.16105769230769232 0.13942307692307693 0.18269230769230768 0.11057692307692307
5 0.14903846153846154 0.2848557692307692 0.18269230769230768 0.10817307692307693
7 0.14182692307692307 0.43149038461538464 0.1875 0.10817307692307693
8 0.14543269230769232 0.5649038461538461 0.18990384615384615 0.11057692307692307
9 0.14903846153846154 0.7139423076923077 0.1875 0.11057692307692307
10 0.15144230769230768 0.8605769230769231 0.18269230769230768 0.11538461538461539
11 0.1935096153846154 0.9783653846153846 0.19471153846153846 0.038461538461538464
12 0.5528846153846154 0.1622596153846154 0.1875 0.11298076923076923
1 0.5516826923076923 0.30528846153846156 0.18990384615384615 0.11538461538461539
2 0.5576923076923077 0.4411057692307692 0.1875 0.10336538461538461
6 0.5432692307692307 0.5925480769230769 0.1875 0.10817307692307693
3 0.5504807692307693 0.7439903846153846 0.19230769230769232 0.10817307692307693
4 0.5504807692307693 0.8822115384615384 0.19230769230769232 0.11538461538461539