0 0.9326923076923077 0.7560096153846154 0.11538461538461539 0.18990384615384615
5 0.7932692307692307 0.7608173076923077 0.11538461538461539 0.18990384615384615
7 0.6490384615384616 0.7596153846153846 0.11057692307692307 0.19230769230769232
8 0.5192307692307693 0.75 0.11057692307692307 0.19230769230769232
9 0.375 0.7355769230769231 0.11057692307692307 0.19230769230769232
10 0.23677884615384615 0.7259615384615384 0.11298076923076923 0.1971153846153846
11 0.08173076923076923 0.6802884615384616 0.11057692307692307 0.20192307692307693
12 0.9002403846153846 0.3918269230769231 0.10817307692307693 0.15865384615384615
1 0.7692307692307693 0.38461538461538464 0.10576923076923077 0.15865384615384615
2 0.640625 0.3737980769230769 0.0985576923076923 0.16105769230769232
6 0.49759615384615385 0.3798076923076923 0.10096153846153846 0.15865384615384615
3 0.3581730769230769 0.36538461538461536 0.10576923076923077 0.15865384615384615
4 0.22956730769230768 0.3581730769230769 0.10336538461538461 0.16346153846153846