0 0.2283653846153846 0.06610576923076923 0.1875 0.11298076923076923
5 0.22115384615384615 0.20673076923076922 0.19230769230769232 0.11057692307692307
7 0.22355769230769232 0.35216346153846156 0.19230769230769232 0.10817307692307693
8 0.234375 0.4807692307692308 0.19471153846153846 0.10096153846153846
9 0.24759615384615385 0.6322115384615384 0.1971153846153846 0.10576923076923077
10 0.25600961538461536 0.7716346153846154 0.19471153846153846 0.11538461538461539
11 0.30288461538461536 0.9266826923076923 0.20192307692307693 0.11298076923076923
12 0.5973557692307693 0.10096153846153846 0.16105769230769232 0.10576923076923077
1 0.6033653846153846 0.23197115384615385 0.16346153846153846 0.10336538461538461
2 0.6141826923076923 0.3641826923076923 0.16105769230769232 0.10336538461538461
6 0.6081730769230769 0.5048076923076923 0.15865384615384615 0.10096153846153846
3 0.6189903846153846 0.6466346153846154 0.16105769230769232 0.10096153846153846
4 0.6274038461538461 0.7776442307692307 0.16826923076923078 0.10817307692307693