0 0.0673076923076923 0.6514423076923077 0.10096153846153846 0.1778846153846154
5 0.20552884615384615 0.6550480769230769 0.10817307692307693 0.18509615384615385
7 0.34375 0.6574519230769231 0.10576923076923077 0.18509615384615385
8 0.4675480769230769 0.6466346153846154 0.10336538461538461 0.18269230769230768
9 0.6141826923076923 0.6334134615384616 0.10817307692307693 0.18990384615384615
10 0.7487980769230769 0.625 0.10817307692307693 0.1875
11 0.9014423076923077 0.5757211538461539 0.11057692307692307 0.19471153846153846
12 0.10096153846153846 0.2980769230769231 0.10096153846153846 0.15384615384615385
1 0.22956730769230768 0.2932692307692308 0.0985576923076923 0.15865384615384615
2 0.3545673076923077 0.28125 0.0985576923076923 0.15865384615384615
6 0.49399038461538464 0.2860576923076923 0.0985576923076923 0.15384615384615385
3 0.6310096153846154 0.27403846153846156 0.0985576923076923 0.16346153846153846
4 0.7596153846153846 0.265625 0.10096153846153846 0.1658653846153846