0 0.09254807692307693 0.19591346153846154 0.10817307692307693 0.17067307692307693
5 0.234375 0.18389423076923078 0.10336538461538461 0.17548076923076922
7 0.3786057692307692 0.1814903846153846 0.10336538461538461 0.17067307692307693
8 0.5048076923076923 0.1875 0.10576923076923077 0.16826923076923078
9 0.6490384615384616 0.1935096153846154 0.10576923076923077 0.17067307692307693
10 0.7860576923076923 0.19591346153846154 0.11057692307692307 0.17067307692307693
11 0.9350961538461539 0.23798076923076922 0.11057692307692307 0.1778846153846154
12 0.0985576923076923 0.5745192307692307 0.11538461538461539 0.20192307692307693
1 0.24158653846153846 0.5745192307692307 0.11298076923076923 0.20192307692307693
2 0.3798076923076923 0.5817307692307693 0.10576923076923077 0.1971153846153846
6 0.5324519230769231 0.5661057692307693 0.10336538461538461 0.19471153846153846
3 0.6826923076923077 0.5745192307692307 0.11057692307692307 0.1971153846153846
4 0.8197115384615384 0.5757211538461539 0.11057692307692307 0.19951923076923078