0 0.07572115384615384 0.5072115384615384 0.10817307692307693 0.17307692307692307
5 0.2127403846153846 0.49158653846153844 0.10817307692307693 0.17548076923076922
7 0.35336538461538464 0.4855769230769231 0.10576923076923077 0.17307692307692307
8 0.47475961538461536 0.4855769230769231 0.10336538461538461 0.17307692307692307
9 0.6165865384615384 0.49158653846153844 0.10336538461538461 0.17548076923076922
10 0.7512019230769231 0.49278846153846156 0.10817307692307693 0.17307692307692307
11 0.9050480769230769 0.5336538461538461 0.10817307692307693 0.18269230769230768
12 0.09615384615384616 0.8629807692307693 0.10576923076923077 0.16346153846153846
1 0.2283653846153846 0.8617788461538461 0.10096153846153846 0.1658653846153846
2 0.359375 0.8677884615384616 0.10336538461538461 0.16826923076923078
6 0.5024038461538461 0.8521634615384616 0.10096153846153846 0.17067307692307693
3 0.6478365384615384 0.859375 0.10336538461538461 0.17067307692307693
4 0.7788461538461539 0.859375 0.10576923076923077 0.17067307692307693