0 0.08653846153846154 0.5949519230769231 0.10096153846153846 0.16105769230769232
5 0.22235576923076922 0.6237980769230769 0.10336538461538461 0.1658653846153846
7 0.35336538461538464 0.6394230769230769 0.10096153846153846 0.15384615384615385
8 0.4723557692307692 0.6502403846153846 0.0985576923076923 0.15625
9 0.6069711538461539 0.6610576923076923 0.0985576923076923 0.15865384615384615
10 0.7319711538461539 0.671875 0.10336538461538461 0.16105769230769232
11 0.8798076923076923 0.6490384615384616 0.10096153846153846 0.16346153846153846
12 0.09495192307692307 0.24759615384615385 0.10817307692307693 0.19230769230769232
1 0.22956730769230768 0.2608173076923077 0.10817307692307693 0.19471153846153846
2 0.3641826923076923 0.2704326923076923 0.10817307692307693 0.19471153846153846
6 0.5096153846153846 0.3016826923076923 0.10096153846153846 0.19471153846153846
3 0.6514423076923077 0.3112980769230769 0.10096153846153846 0.18990384615384615
4 0.7836538461538461 0.32572115384615385 0.10576923076923077 0.18990384615384615