0 0.9290865384615384 0.7944711538461539 0.11298076923076923 0.18990384615384615
5 0.7884615384615384 0.8016826923076923 0.11057692307692307 0.19471153846153846
7 0.6430288461538461 0.7992788461538461 0.11298076923076923 0.19471153846153846
8 0.5132211538461539 0.7908653846153846 0.10817307692307693 0.1971153846153846
9 0.36538461538461536 0.7776442307692307 0.10576923076923077 0.19471153846153846
10 0.22355769230769232 0.7704326923076923 0.11057692307692307 0.18990384615384615
11 0.0673076923076923 0.7235576923076923 0.11538461538461539 0.20192307692307693
12 0.8966346153846154 0.4230769230769231 0.10576923076923077 0.16346153846153846
1 0.7608173076923077 0.4170673076923077 0.10817307692307693 0.16105769230769232
2 0.6310096153846154 0.4074519230769231 0.10336538461538461 0.16105769230769232
6 0.4879807692307692 0.41225961538461536 0.09615384615384616 0.15625
3 0.3449519230769231 0.4026442307692308 0.10817307692307693 0.16105769230769232
4 0.21754807692307693 0.3942307692307692 0.10336538461538461 0.16346153846153846