0 0.0625 0.7415865384615384 0.11057692307692307 0.18990384615384615
5 0.20192307692307693 0.7475961538461539 0.11057692307692307 0.19230769230769232
7 0.3449519230769231 0.7451923076923077 0.11298076923076923 0.19230769230769232
8 0.4723557692307692 0.734375 0.10336538461538461 0.18990384615384615
9 0.6177884615384616 0.7211538461538461 0.10576923076923077 0.19230769230769232
10 0.7572115384615384 0.7115384615384616 0.11057692307692307 0.19230769230769232
11 0.9098557692307693 0.6622596153846154 0.11298076923076923 0.19951923076923078
12 0.09495192307692307 0.3786057692307692 0.10336538461538461 0.16105769230769232
1 0.22716346153846154 0.37259615384615385 0.10336538461538461 0.16346153846153846
2 0.3545673076923077 0.359375 0.10336538461538461 0.16105769230769232
6 0.4951923076923077 0.36658653846153844 0.09615384615384616 0.16105769230769232
3 0.6346153846153846 0.35096153846153844 0.10096153846153846 0.15865384615384615
4 0.7620192307692307 0.34375 0.10576923076923077 0.16826923076923078