0 0.09014423076923077 0.8329326923076923 0.11298076923076923 0.18990384615384615
5 0.23076923076923078 0.8425480769230769 0.11057692307692307 0.18990384615384615
7 0.37740384615384615 0.8425480769230769 0.11057692307692307 0.19471153846153846
8 0.5072115384615384 0.8341346153846154 0.10576923076923077 0.19230769230769232
9 0.65625 0.8245192307692307 0.11057692307692307 0.1971153846153846
10 0.7980769230769231 0.8185096153846154 0.11538461538461539 0.19471153846153846
11 0.9459134615384616 0.7704326923076923 0.10336538461538461 0.19951923076923078
12 0.1201923076923077 0.45913461538461536 0.10576923076923077 0.16346153846153846
1 0.25721153846153844 0.45552884615384615 0.10576923076923077 0.1658653846153846
2 0.38822115384615385 0.44471153846153844 0.10336538461538461 0.16346153846153846
6 0.5300480769230769 0.4543269230769231 0.10336538461538461 0.16346153846153846
3 0.6742788461538461 0.44471153846153844 0.10817307692307693 0.16346153846153846
4 0.8052884615384616 0.4411057692307692 0.10576923076923077 0.1658653846153846