0 0.8389423076923077 0.8605769230769231 0.18269230769230768 0.11057692307692307
5 0.8509615384615384 0.7151442307692307 0.18269230769230768 0.10817307692307693
7 0.8581730769230769 0.5685096153846154 0.1875 0.10817307692307693
8 0.8545673076923077 0.43509615384615385 0.18990384615384615 0.11057692307692307
9 0.8509615384615384 0.2860576923076923 0.1875 0.11057692307692307
10 0.8485576923076923 0.13942307692307693 0.18269230769230768 0.11538461538461539
11 0.8064903846153846 0.021634615384615384 0.19471153846153846 0.038461538461538464
12 0.44711538461538464 0.8377403846153846 0.1875 0.11298076923076923
1 0.4483173076923077 0.6947115384615384 0.18990384615384615 0.11538461538461539
2 0.4423076923076923 0.5588942307692307 0.1875 0.10336538461538461
6 0.4567307692307692 0.4074519230769231 0.1875 0.10817307692307693
3 0.4495192307692308 0.25600961538461536 0.19230769230769232 0.10817307692307693
4 0.4495192307692308 0.11778846153846154 0.19230769230769232 0.11538461538461539