0 0.25240384615384615 0.06370192307692307 0.16826923076923078 0.10817307692307693
5 0.23918269230769232 0.20552884615384615 0.17067307692307693 0.10336538461538461
7 0.23677884615384615 0.3473557692307692 0.17067307692307693 0.10336538461538461
8 0.2439903846153846 0.47115384615384615 0.1658653846153846 0.10096153846153846
9 0.24879807692307693 0.6141826923076923 0.1658653846153846 0.10336538461538461
10 0.2512019230769231 0.7475961538461539 0.1658653846153846 0.10576923076923077
11 0.2920673076923077 0.8954326923076923 0.17548076923076922 0.10817307692307693
12 0.6237980769230769 0.0625 0.20432692307692307 0.11538461538461539
1 0.6262019230769231 0.20552884615384615 0.20432692307692307 0.10817307692307693
2 0.6298076923076923 0.34615384615384615 0.20192307692307693 0.11057692307692307
6 0.6153846153846154 0.4987980769230769 0.1971153846153846 0.10336538461538461
3 0.6201923076923077 0.6478365384615384 0.1971153846153846 0.10817307692307693
4 0.6213942307692307 0.7836538461538461 0.19951923076923078 0.11057692307692307