0 0.9290865384615384 0.20552884615384615 0.11298076923076923 0.18990384615384615
5 0.7884615384615384 0.19831730769230768 0.11057692307692307 0.19471153846153846
7 0.6430288461538461 0.20072115384615385 0.11298076923076923 0.19471153846153846
8 0.5132211538461539 0.2091346153846154 0.10817307692307693 0.1971153846153846
9 0.36538461538461536 0.22235576923076922 0.10576923076923077 0.19471153846153846
10 0.22355769230769232 0.22956730769230768 0.11057692307692307 0.18990384615384615
11 0.0673076923076923 0.2764423076923077 0.11538461538461539 0.20192307692307693
12 0.8966346153846154 0.5769230769230769 0.10576923076923077 0.16346153846153846
1 0.7608173076923077 0.5829326923076923 0.10817307692307693 0.16105769230769232
2 0.6310096153846154 0.5925480769230769 0.10336538461538461 0.16105769230769232
6 0.4879807692307692 0.5877403846153846 0.09615384615384616 0.15625
3 0.3449519230769231 0.5973557692307693 0.10817307692307693 0.16105769230769232
4 0.21754807692307693 0.6057692307692307 0.10336538461538461 0.16346153846153846