0 0.7211538461538461 0.056490384615384616 0.1875 0.10817307692307693
5 0.7295673076923077 0.19831730769230768 0.18990384615384615 0.11298076923076923
7 0.7283653846153846 0.33774038461538464 0.19230769230769232 0.10817307692307693
8 0.7151442307692307 0.46634615384615385 0.18990384615384615 0.10576923076923077
9 0.7007211538461539 0.6117788461538461 0.18990384615384615 0.10817307692307693
10 0.6935096153846154 0.75 0.18990384615384615 0.11057692307692307
11 0.6442307692307693 0.9014423076923077 0.1971153846153846 0.11057692307692307
12 0.3629807692307692 0.09134615384615384 0.15865384615384615 0.10576923076923077
1 0.3545673076923077 0.22115384615384615 0.16105769230769232 0.10096153846153846
2 0.34134615384615385 0.3473557692307692 0.15865384615384615 0.0985576923076923
6 0.3473557692307692 0.4891826923076923 0.16105769230769232 0.0985576923076923
3 0.33413461538461536 0.6274038461538461 0.16346153846153846 0.10096153846153846
4 0.3245192307692308 0.7548076923076923 0.16346153846153846 0.10576923076923077