0 0.8798076923076923 0.8521634615384616 0.11538461538461539 0.18509615384615385
5 0.7355769230769231 0.8653846153846154 0.11057692307692307 0.19230769230769232
7 0.5889423076923077 0.8689903846153846 0.10576923076923077 0.18990384615384615
8 0.4579326923076923 0.8653846153846154 0.10817307692307693 0.19230769230769232
9 0.30408653846153844 0.859375 0.11298076923076923 0.18990384615384615
10 0.1622596153846154 0.8557692307692307 0.11298076923076923 0.1875
11 0.03125 0.8137019230769231 0.057692307692307696 0.19951923076923078
12 0.8509615384615384 0.4675480769230769 0.11057692307692307 0.17548076923076922
1 0.7127403846153846 0.4675480769230769 0.10817307692307693 0.17548076923076922
2 0.578125 0.45913461538461536 0.10336538461538461 0.17307692307692307
6 0.43149038461538464 0.4723557692307692 0.10336538461538461 0.17548076923076922
3 0.2824519230769231 0.4639423076923077 0.10817307692307693 0.1778846153846154
4 0.14543269230769232 0.4675480769230769 0.11298076923076923 0.18028846153846154