0 0.9038461538461539 0.24278846153846154 0.11057692307692307 0.1778846153846154
5 0.7596153846153846 0.22235576923076922 0.10576923076923077 0.18028846153846154
7 0.6153846153846154 0.21754807692307693 0.10576923076923077 0.17548076923076922
8 0.48677884615384615 0.21995192307692307 0.10817307692307693 0.17548076923076922
9 0.3389423076923077 0.21875 0.11057692307692307 0.1778846153846154
10 0.19831730769230768 0.21634615384615385 0.11298076923076923 0.1778846153846154
11 0.05048076923076923 0.2548076923076923 0.09615384615384616 0.1875
12 0.9038461538461539 0.6225961538461539 0.1201923076923077 0.21153846153846154
1 0.7560096153846154 0.6177884615384616 0.11778846153846154 0.21153846153846154
2 0.6153846153846154 0.6225961538461539 0.11057692307692307 0.20673076923076922
6 0.45552884615384615 0.6033653846153846 0.11298076923076923 0.21153846153846154
3 0.3004807692307692 0.6069711538461539 0.11057692307692307 0.2091346153846154
4 0.15625 0.6021634615384616 0.11538461538461539 0.2091346153846154