0 0.16706730769230768 0.9098557692307693 0.18990384615384615 0.11298076923076923
5 0.15745192307692307 0.7692307692307693 0.18990384615384615 0.11057692307692307
7 0.15745192307692307 0.6225961538461539 0.19471153846153846 0.11057692307692307
8 0.1658653846153846 0.49278846153846156 0.19230769230769232 0.10576923076923077
9 0.17548076923076922 0.34375 0.1971153846153846 0.11057692307692307
10 0.1814903846153846 0.20192307692307693 0.19471153846153846 0.11538461538461539
11 0.22956730769230768 0.054086538461538464 0.19951923076923078 0.10336538461538461
12 0.5408653846153846 0.8798076923076923 0.16346153846153846 0.10576923076923077
1 0.5444711538461539 0.7427884615384616 0.1658653846153846 0.10576923076923077
2 0.5552884615384616 0.6117788461538461 0.16346153846153846 0.10336538461538461
6 0.5456730769230769 0.4699519230769231 0.16346153846153846 0.10336538461538461
3 0.5552884615384616 0.32572115384615385 0.16346153846153846 0.10817307692307693
4 0.5588942307692307 0.19471153846153846 0.1658653846153846 0.10576923076923077