0 0.078125 0.4675480769230769 0.11298076923076923 0.17548076923076922
5 0.2127403846153846 0.4543269230769231 0.10336538461538461 0.1778846153846154
7 0.3545673076923077 0.45072115384615385 0.10336538461538461 0.17548076923076922
8 0.47596153846153844 0.453125 0.10096153846153846 0.17548076923076922
9 0.6201923076923077 0.46033653846153844 0.10576923076923077 0.18028846153846154
10 0.7596153846153846 0.4651442307692308 0.11057692307692307 0.18028846153846154
11 0.9110576923076923 0.5072115384615384 0.10576923076923077 0.1875
12 0.09975961538461539 0.8209134615384616 0.10336538461538461 0.16105769230769232
1 0.23317307692307693 0.8221153846153846 0.10576923076923077 0.15865384615384615
2 0.36177884615384615 0.8317307692307693 0.0985576923076923 0.16346153846153846
6 0.5048076923076923 0.8173076923076923 0.10096153846153846 0.16346153846153846
3 0.6478365384615384 0.8245192307692307 0.10336538461538461 0.16346153846153846
4 0.7788461538461539 0.8293269230769231 0.10576923076923077 0.16826923076923078