0 0.12379807692307693 0.8389423076923077 0.10817307692307693 0.1875
5 0.2704326923076923 0.8521634615384616 0.10817307692307693 0.18509615384615385
7 0.41947115384615385 0.8557692307692307 0.10817307692307693 0.1875
8 0.5504807692307693 0.8521634615384616 0.10576923076923077 0.18990384615384615
9 0.7043269230769231 0.8497596153846154 0.11538461538461539 0.19471153846153846
10 0.8497596153846154 0.84375 0.11298076923076923 0.1875
11 0.9747596153846154 0.7992788461538461 0.04567307692307692 0.19951923076923078
12 0.15144230769230768 0.45072115384615385 0.11057692307692307 0.18028846153846154
1 0.2932692307692308 0.4519230769230769 0.11057692307692307 0.1778846153846154
2 0.42788461538461536 0.4423076923076923 0.10096153846153846 0.1778846153846154
6 0.5769230769230769 0.45552884615384615 0.10576923076923077 0.18028846153846154
3 0.7283653846153846 0.4495192307692308 0.11057692307692307 0.18269230769230768
4 0.8665865384615384 0.45072115384615385 0.11298076923076923 0.18509615384615385