0 0.8762019230769231 0.18509615384615385 0.10817307692307693 0.16826923076923078
5 0.7331730769230769 0.171875 0.10096153846153846 0.17067307692307693
7 0.5913461538461539 0.16947115384615385 0.10096153846153846 0.1658653846153846
8 0.4639423076923077 0.17668269230769232 0.10576923076923077 0.17067307692307693
9 0.32211538461538464 0.18028846153846154 0.10576923076923077 0.16826923076923078
10 0.18629807692307693 0.18269230769230768 0.10817307692307693 0.16826923076923078
11 0.04567307692307692 0.22355769230769232 0.08653846153846154 0.1778846153846154
12 0.8665865384615384 0.5637019230769231 0.11298076923076923 0.19471153846153846
1 0.7259615384615384 0.5649038461538461 0.10576923076923077 0.19230769230769232
2 0.5877403846153846 0.5697115384615384 0.10336538461538461 0.19230769230769232
6 0.4387019230769231 0.5552884615384616 0.10336538461538461 0.19230769230769232
3 0.28846153846153844 0.5625 0.10576923076923077 0.19230769230769232
4 0.15264423076923078 0.5625 0.10817307692307693 0.19230769230769232