0 0.7512019230769231 0.9254807692307693 0.17067307692307693 0.10576923076923077
5 0.7680288461538461 0.78125 0.17548076923076922 0.11057692307692307
7 0.7728365384615384 0.6394230769230769 0.17067307692307693 0.10576923076923077
8 0.7680288461538461 0.5096153846153846 0.17067307692307693 0.10576923076923077
9 0.765625 0.36658653846153844 0.17067307692307693 0.10336538461538461
10 0.7668269230769231 0.23076923076923078 0.17307692307692307 0.10576923076923077
11 0.7271634615384616 0.07572115384615384 0.17548076923076922 0.11298076923076923
12 0.375 0.9254807692307693 0.20673076923076922 0.11538461538461539
1 0.37740384615384615 0.7800480769230769 0.20673076923076922 0.11298076923076923
2 0.37259615384615385 0.6394230769230769 0.20673076923076922 0.11057692307692307
6 0.390625 0.48197115384615385 0.20432692307692307 0.10817307692307693
3 0.3858173076923077 0.3293269230769231 0.20432692307692307 0.11057692307692307
4 0.3894230769230769 0.18870192307692307 0.20192307692307693 0.11298076923076923