0 0.4362980769230769 0.9230769230769231 0.17548076923076922 0.10576923076923077
5 0.4266826923076923 0.7872596153846154 0.18028846153846154 0.10817307692307693
7 0.4230769230769231 0.6466346153846154 0.1778846153846154 0.10576923076923077
8 0.43028846153846156 0.5240384615384616 0.1778846153846154 0.10576923076923077
9 0.43509615384615385 0.38341346153846156 0.1778846153846154 0.10336538461538461
10 0.4411057692307692 0.2439903846153846 0.18028846153846154 0.10336538461538461
11 0.484375 0.09014423076923077 0.18509615384615385 0.11298076923076923
12 0.7908653846153846 0.8978365384615384 0.15865384615384615 0.10817307692307693
1 0.7920673076923077 0.7680288461538461 0.15625 0.10336538461538461
2 0.8016826923076923 0.6394230769230769 0.16105769230769232 0.10096153846153846
6 0.7908653846153846 0.4963942307692308 0.15865384615384615 0.0985576923076923
3 0.796875 0.35336538461538464 0.15625 0.10096153846153846
4 0.8028846153846154 0.22235576923076922 0.16346153846153846 0.10817307692307693