0 0.3786057692307692 0.9170673076923077 0.16105769230769232 0.10336538461538461
5 0.34975961538461536 0.7824519230769231 0.1658653846153846 0.0985576923076923
7 0.33533653846153844 0.6466346153846154 0.15625 0.10096153846153846
8 0.3269230769230769 0.5252403846153846 0.15865384615384615 0.0985576923076923
9 0.3173076923076923 0.390625 0.16346153846153846 0.0985576923076923
10 0.30408653846153844 0.2620192307692308 0.1658653846153846 0.10096153846153846
11 0.33052884615384615 0.11538461538461539 0.1658653846153846 0.10576923076923077
12 0.7355769230769231 0.9086538461538461 0.1971153846153846 0.11057692307692307
1 0.7199519230769231 0.7716346153846154 0.19951923076923078 0.10576923076923077
2 0.7127403846153846 0.6382211538461539 0.19471153846153846 0.10336538461538461
6 0.6826923076923077 0.4879807692307692 0.1971153846153846 0.10096153846153846
3 0.671875 0.3425480769230769 0.19471153846153846 0.10336538461538461
4 0.6586538461538461 0.2091346153846154 0.1971153846153846 0.10576923076923077