0 0.9050480769230769 0.44471153846153844 0.10336538461538461 0.15384615384615385
5 0.7704326923076923 0.41586538461538464 0.0985576923076923 0.16346153846153846
7 0.6346153846153846 0.4014423076923077 0.09615384615384616 0.15384615384615385
8 0.515625 0.3918269230769231 0.09375 0.15384615384615385
9 0.37740384615384615 0.38221153846153844 0.10096153846153846 0.15384615384615385
10 0.24639423076923078 0.3701923076923077 0.10336538461538461 0.15865384615384615
11 0.10096153846153846 0.3954326923076923 0.11057692307692307 0.16105769230769232
12 0.8942307692307693 0.7992788461538461 0.11057692307692307 0.18990384615384615
1 0.7584134615384616 0.7848557692307693 0.10817307692307693 0.18990384615384615
2 0.625 0.7764423076923077 0.10096153846153846 0.19230769230769232
6 0.47836538461538464 0.7463942307692307 0.10096153846153846 0.18990384615384615
3 0.3317307692307692 0.7403846153846154 0.10576923076923077 0.19230769230769232
4 0.20072115384615385 0.7259615384615384 0.10817307692307693 0.19230769230769232