0 0.9170673076923077 0.3786057692307692 0.10336538461538461 0.16105769230769232
5 0.7824519230769231 0.34975961538461536 0.0985576923076923 0.1658653846153846
7 0.6466346153846154 0.33533653846153844 0.10096153846153846 0.15625
8 0.5252403846153846 0.3269230769230769 0.0985576923076923 0.15865384615384615
9 0.390625 0.3173076923076923 0.0985576923076923 0.16346153846153846
10 0.2620192307692308 0.30408653846153844 0.10096153846153846 0.1658653846153846
11 0.11538461538461539 0.33052884615384615 0.10576923076923077 0.1658653846153846
12 0.9086538461538461 0.7355769230769231 0.11057692307692307 0.1971153846153846
1 0.7716346153846154 0.7199519230769231 0.10576923076923077 0.19951923076923078
2 0.6382211538461539 0.7127403846153846 0.10336538461538461 0.19471153846153846
6 0.4879807692307692 0.6826923076923077 0.10096153846153846 0.1971153846153846
3 0.3425480769230769 0.671875 0.10336538461538461 0.19471153846153846
4 0.2091346153846154 0.6586538461538461 0.10576923076923077 0.1971153846153846