0 0.4326923076923077 0.9134615384615384 0.15865384615384615 0.10576923076923077
5 0.40865384615384615 0.7752403846153846 0.16346153846153846 0.10336538461538461
7 0.39903846153846156 0.6370192307692307 0.15384615384615385 0.10096153846153846
8 0.3954326923076923 0.5168269230769231 0.15625 0.10096153846153846
9 0.390625 0.375 0.15625 0.10576923076923077
10 0.38461538461538464 0.2403846153846154 0.15865384615384615 0.11057692307692307
11 0.41225961538461536 0.0889423076923077 0.1658653846153846 0.11057692307692307
12 0.7920673076923077 0.8990384615384616 0.18509615384615385 0.10576923076923077
1 0.78125 0.7596153846153846 0.1875 0.11057692307692307
2 0.7788461538461539 0.6274038461538461 0.1875 0.10576923076923077
6 0.7548076923076923 0.4795673076923077 0.1875 0.10336538461538461
3 0.75 0.3329326923076923 0.1875 0.10336538461538461
4 0.7415865384615384 0.19951923076923078 0.18990384615384615 0.11057692307692307