0 0.9158653846153846 0.5661057692307693 0.10096153846153846 0.16105769230769232
5 0.7788461538461539 0.5889423076923077 0.10096153846153846 0.16346153846153846
7 0.640625 0.5997596153846154 0.10336538461538461 0.15625
8 0.5168269230769231 0.6033653846153846 0.10096153846153846 0.16346153846153846
9 0.3786057692307692 0.6057692307692307 0.0985576923076923 0.16346153846153846
10 0.24278846153846154 0.6105769230769231 0.11057692307692307 0.15865384615384615
11 0.09254807692307693 0.5793269230769231 0.11298076923076923 0.16826923076923078
12 0.9002403846153846 0.20552884615384615 0.11298076923076923 0.18028846153846154
1 0.7644230769230769 0.21394230769230768 0.11057692307692307 0.1875
2 0.6298076923076923 0.21754807692307693 0.10576923076923077 0.18509615384615385
6 0.484375 0.23918269230769232 0.10336538461538461 0.18509615384615385
3 0.33653846153846156 0.24158653846153846 0.10576923076923077 0.18509615384615385
4 0.20192307692307693 0.24879807692307693 0.11057692307692307 0.18509615384615385