0 0.7379807692307693 0.8834134615384616 0.1778846153846154 0.11298076923076923
5 0.7584134615384616 0.7391826923076923 0.18509615384615385 0.10817307692307693
7 0.7668269230769231 0.5925480769230769 0.1778846153846154 0.10817307692307693
8 0.7680288461538461 0.4639423076923077 0.17548076923076922 0.10576923076923077
9 0.7728365384615384 0.3125 0.18028846153846154 0.11057692307692307
10 0.7752403846153846 0.17307692307692307 0.18028846153846154 0.11057692307692307
11 0.7379807692307693 0.03485576923076923 0.1875 0.06490384615384616
12 0.3557692307692308 0.8846153846153846 0.20673076923076922 0.11538461538461539
1 0.36177884615384615 0.734375 0.2091346153846154 0.11778846153846154
2 0.359375 0.5925480769230769 0.2091346153846154 0.10817307692307693
6 0.3786057692307692 0.4326923076923077 0.2091346153846154 0.11057692307692307
3 0.37740384615384615 0.2704326923076923 0.21153846153846154 0.11298076923076923
4 0.38221153846153844 0.12379807692307693 0.21634615384615385 0.11778846153846154