0 0.7608173076923077 0.9290865384615384 0.17067307692307693 0.10817307692307693
5 0.7752403846153846 0.7872596153846154 0.17067307692307693 0.10336538461538461
7 0.7764423076923077 0.6454326923076923 0.16826923076923078 0.10336538461538461
8 0.7692307692307693 0.5204326923076923 0.16346153846153846 0.0985576923076923
9 0.7632211538461539 0.3798076923076923 0.1658653846153846 0.10096153846153846
10 0.7608173076923077 0.24519230769230768 0.1658653846153846 0.10576923076923077
11 0.7199519230769231 0.09735576923076923 0.17548076923076922 0.10817307692307693
12 0.3894230769230769 0.9302884615384616 0.20192307692307693 0.11057692307692307
1 0.38822115384615385 0.7860576923076923 0.19951923076923078 0.11057692307692307
2 0.38341346153846156 0.6454326923076923 0.19951923076923078 0.10817307692307693
6 0.39663461538461536 0.4951923076923077 0.1971153846153846 0.10096153846153846
3 0.3918269230769231 0.3449519230769231 0.1971153846153846 0.10817307692307693
4 0.390625 0.2091346153846154 0.19951923076923078 0.11057692307692307