0 0.34975961538461536 0.9278846153846154 0.18028846153846154 0.10576923076923077
5 0.3425480769230769 0.7908653846153846 0.18509615384615385 0.10576923076923077
7 0.3425480769230769 0.6514423076923077 0.18028846153846154 0.10576923076923077
8 0.35216346153846156 0.5288461538461539 0.18509615384615385 0.10096153846153846
9 0.3641826923076923 0.38461538461538464 0.18509615384615385 0.10576923076923077
10 0.3737980769230769 0.24879807692307693 0.18509615384615385 0.10817307692307693
11 0.41947115384615385 0.09735576923076923 0.19471153846153846 0.10817307692307693
12 0.7007211538461539 0.8966346153846154 0.15625 0.10096153846153846
1 0.7067307692307693 0.7668269230769231 0.15865384615384615 0.10096153846153846
2 0.7175480769230769 0.6418269230769231 0.16105769230769232 0.10096153846153846
6 0.7115384615384616 0.5048076923076923 0.15865384615384615 0.10096153846153846
3 0.7247596153846154 0.36538461538461536 0.16105769230769232 0.10096153846153846
4 0.734375 0.23918269230769232 0.1658653846153846 0.0985576923076923