0 0.2536057692307692 0.06971153846153846 0.17067307692307693 0.10576923076923077
5 0.23918269230769232 0.2127403846153846 0.17548076923076922 0.10336538461538461
7 0.23557692307692307 0.3557692307692308 0.17307692307692307 0.10576923076923077
8 0.2403846153846154 0.4807692307692308 0.16826923076923078 0.10576923076923077
9 0.24278846153846154 0.625 0.17307692307692307 0.10096153846153846
10 0.24278846153846154 0.7632211538461539 0.16826923076923078 0.10817307692307693
11 0.28365384615384615 0.9134615384615384 0.1778846153846154 0.11057692307692307
12 0.6298076923076923 0.0673076923076923 0.20673076923076922 0.11538461538461539
1 0.6298076923076923 0.21394230769230768 0.20192307692307693 0.11538461538461539
2 0.6334134615384616 0.35697115384615385 0.20432692307692307 0.11298076923076923
6 0.6165865384615384 0.5096153846153846 0.19951923076923078 0.10576923076923077
3 0.6213942307692307 0.6610576923076923 0.20432692307692307 0.11057692307692307
4 0.6189903846153846 0.8004807692307693 0.20432692307692307 0.11057692307692307