0 0.1346153846153846 0.8293269230769231 0.10576923076923077 0.16346153846153846
5 0.2764423076923077 0.84375 0.10096153846153846 0.17307692307692307
7 0.41947115384615385 0.8449519230769231 0.10336538461538461 0.1658653846153846
8 0.5432692307692307 0.8401442307692307 0.10096153846153846 0.1658653846153846
9 0.6923076923076923 0.8365384615384616 0.10576923076923077 0.16826923076923078
10 0.8257211538461539 0.8341346153846154 0.10817307692307693 0.16826923076923078
11 0.9603365384615384 0.7932692307692307 0.07451923076923077 0.1778846153846154
12 0.14783653846153846 0.4519230769230769 0.11298076923076923 0.19230769230769232
1 0.28846153846153844 0.453125 0.11057692307692307 0.18990384615384615
2 0.4230769230769231 0.44471153846153844 0.10096153846153846 0.1875
6 0.5721153846153846 0.45913461538461536 0.10096153846153846 0.1875
3 0.7223557692307693 0.453125 0.10817307692307693 0.18990384615384615
4 0.8569711538461539 0.4519230769230769 0.11298076923076923 0.19230769230769232