0 0.4170673076923077 0.07451923076923077 0.18028846153846154 0.10576923076923077
5 0.4074519230769231 0.21033653846153846 0.18028846153846154 0.10817307692307693
7 0.4074519230769231 0.35216346153846156 0.18028846153846154 0.10817307692307693
8 0.41225961538461536 0.47475961538461536 0.18028846153846154 0.0985576923076923
9 0.421875 0.6189903846153846 0.18509615384615385 0.10817307692307693
10 0.42788461538461536 0.7560096153846154 0.18269230769230768 0.10817307692307693
11 0.4699519230769231 0.9074519230769231 0.18990384615384615 0.11298076923076923
12 0.7704326923076923 0.10096153846153846 0.15625 0.10096153846153846
1 0.7716346153846154 0.23317307692307693 0.15865384615384615 0.10576923076923077
2 0.7824519230769231 0.3605769230769231 0.15625 0.10096153846153846
6 0.7728365384615384 0.5012019230769231 0.16105769230769232 0.0985576923076923
3 0.7824519230769231 0.6430288461538461 0.15625 0.10336538461538461
4 0.7884615384615384 0.7728365384615384 0.16346153846153846 0.10336538461538461