0 0.9242788461538461 0.49278846153846156 0.10817307692307693 0.17307692307692307
5 0.7872596153846154 0.5084134615384616 0.10817307692307693 0.17548076923076922
7 0.6466346153846154 0.5144230769230769 0.10576923076923077 0.17307692307692307
8 0.5252403846153846 0.5144230769230769 0.10336538461538461 0.17307692307692307
9 0.38341346153846156 0.5084134615384616 0.10336538461538461 0.17548076923076922
10 0.24879807692307693 0.5072115384615384 0.10817307692307693 0.17307692307692307
11 0.09495192307692307 0.46634615384615385 0.10817307692307693 0.18269230769230768
12 0.9038461538461539 0.13701923076923078 0.10576923076923077 0.16346153846153846
1 0.7716346153846154 0.13822115384615385 0.10096153846153846 0.1658653846153846
2 0.640625 0.13221153846153846 0.10336538461538461 0.16826923076923078
6 0.49759615384615385 0.14783653846153846 0.10096153846153846 0.17067307692307693
3 0.35216346153846156 0.140625 0.10336538461538461 0.17067307692307693
4 0.22115384615384615 0.140625 0.10576923076923077 0.17067307692307693