0 0.9375 0.7415865384615384 0.11057692307692307 0.18990384615384615
5 0.7980769230769231 0.7475961538461539 0.11057692307692307 0.19230769230769232
7 0.6550480769230769 0.7451923076923077 0.11298076923076923 0.19230769230769232
8 0.5276442307692307 0.734375 0.10336538461538461 0.18990384615384615
9 0.38221153846153844 0.7211538461538461 0.10576923076923077 0.19230769230769232
10 0.24278846153846154 0.7115384615384616 0.11057692307692307 0.19230769230769232
11 0.09014423076923077 0.6622596153846154 0.11298076923076923 0.19951923076923078
12 0.9050480769230769 0.3786057692307692 0.10336538461538461 0.16105769230769232
1 0.7728365384615384 0.37259615384615385 0.10336538461538461 0.16346153846153846
2 0.6454326923076923 0.359375 0.10336538461538461 0.16105769230769232
6 0.5048076923076923 0.36658653846153844 0.09615384615384616 0.16105769230769232
3 0.36538461538461536 0.35096153846153844 0.10096153846153846 0.15865384615384615
4 0.23798076923076922 0.34375 0.10576923076923077 0.16826923076923078