0 0.9326923076923077 0.2439903846153846 0.11538461538461539 0.18990384615384615
5 0.7932692307692307 0.23918269230769232 0.11538461538461539 0.18990384615384615
7 0.6490384615384616 0.2403846153846154 0.11057692307692307 0.19230769230769232
8 0.5192307692307693 0.25 0.11057692307692307 0.19230769230769232
9 0.375 0.2644230769230769 0.11057692307692307 0.19230769230769232
10 0.23677884615384615 0.27403846153846156 0.11298076923076923 0.1971153846153846
11 0.08173076923076923 0.31971153846153844 0.11057692307692307 0.20192307692307693
12 0.9002403846153846 0.6081730769230769 0.10817307692307693 0.15865384615384615
1 0.7692307692307693 0.6153846153846154 0.10576923076923077 0.15865384615384615
2 0.640625 0.6262019230769231 0.0985576923076923 0.16105769230769232
6 0.49759615384615385 0.6201923076923077 0.10096153846153846 0.15865384615384615
3 0.3581730769230769 0.6346153846153846 0.10576923076923077 0.15865384615384615
4 0.22956730769230768 0.6418269230769231 0.10336538461538461 0.16346153846153846