0 0.9375 0.25841346153846156 0.11057692307692307 0.18990384615384615
5 0.7980769230769231 0.25240384615384615 0.11057692307692307 0.19230769230769232
7 0.6550480769230769 0.2548076923076923 0.11298076923076923 0.19230769230769232
8 0.5276442307692307 0.265625 0.10336538461538461 0.18990384615384615
9 0.38221153846153844 0.27884615384615385 0.10576923076923077 0.19230769230769232
10 0.24278846153846154 0.28846153846153844 0.11057692307692307 0.19230769230769232
11 0.09014423076923077 0.33774038461538464 0.11298076923076923 0.19951923076923078
12 0.9050480769230769 0.6213942307692307 0.10336538461538461 0.16105769230769232
1 0.7728365384615384 0.6274038461538461 0.10336538461538461 0.16346153846153846
2 0.6454326923076923 0.640625 0.10336538461538461 0.16105769230769232
6 0.5048076923076923 0.6334134615384616 0.09615384615384616 0.16105769230769232
3 0.36538461538461536 0.6490384615384616 0.10096153846153846 0.15865384615384615
4 0.23798076923076922 0.65625 0.10576923076923077 0.16826923076923078