0 0.2644230769230769 0.8737980769230769 0.1778846153846154 0.11298076923076923
5 0.24158653846153846 0.7295673076923077 0.18509615384615385 0.10817307692307693
7 0.23197115384615385 0.5841346153846154 0.17548076923076922 0.10576923076923077
8 0.23076923076923078 0.4567307692307692 0.1778846153846154 0.10576923076923077
9 0.22596153846153846 0.30408653846153844 0.1778846153846154 0.11298076923076923
10 0.22115384615384615 0.15985576923076922 0.18269230769230768 0.11298076923076923
11 0.25721153846153844 0.028846153846153848 0.1875 0.052884615384615384
12 0.6454326923076923 0.875 0.21394230769230768 0.11538461538461539
1 0.6418269230769231 0.7271634615384616 0.21153846153846154 0.11778846153846154
2 0.6418269230769231 0.5817307692307693 0.21153846153846154 0.11057692307692307
6 0.6225961538461539 0.421875 0.21153846153846154 0.11298076923076923
3 0.6225961538461539 0.25961538461538464 0.21634615384615385 0.11538461538461539
4 0.6165865384615384 0.109375 0.21875 0.11778846153846154