0 0.07692307692307693 0.4362980769230769 0.10576923076923077 0.17548076923076922
5 0.2127403846153846 0.4266826923076923 0.10817307692307693 0.18028846153846154
7 0.35336538461538464 0.4230769230769231 0.10576923076923077 0.1778846153846154
8 0.47596153846153844 0.43028846153846156 0.10576923076923077 0.1778846153846154
9 0.6165865384615384 0.43509615384615385 0.10336538461538461 0.1778846153846154
10 0.7560096153846154 0.4411057692307692 0.10336538461538461 0.18028846153846154
11 0.9098557692307693 0.484375 0.11298076923076923 0.18509615384615385
12 0.10216346153846154 0.7908653846153846 0.10817307692307693 0.15865384615384615
1 0.23197115384615385 0.7920673076923077 0.10336538461538461 0.15625
2 0.3605769230769231 0.8016826923076923 0.10096153846153846 0.16105769230769232
6 0.5036057692307693 0.7908653846153846 0.0985576923076923 0.15865384615384615
3 0.6466346153846154 0.796875 0.10096153846153846 0.15625
4 0.7776442307692307 0.8028846153846154 0.10817307692307693 0.16346153846153846