0 0.12379807692307693 0.8149038461538461 0.10817307692307693 0.16826923076923078
5 0.2668269230769231 0.828125 0.10096153846153846 0.17067307692307693
7 0.40865384615384615 0.8305288461538461 0.10096153846153846 0.1658653846153846
8 0.5360576923076923 0.8233173076923077 0.10576923076923077 0.17067307692307693
9 0.6778846153846154 0.8197115384615384 0.10576923076923077 0.16826923076923078
10 0.8137019230769231 0.8173076923076923 0.10817307692307693 0.16826923076923078
11 0.9543269230769231 0.7764423076923077 0.08653846153846154 0.1778846153846154
12 0.13341346153846154 0.4362980769230769 0.11298076923076923 0.19471153846153846
1 0.27403846153846156 0.43509615384615385 0.10576923076923077 0.19230769230769232
2 0.41225961538461536 0.43028846153846156 0.10336538461538461 0.19230769230769232
6 0.5612980769230769 0.44471153846153844 0.10336538461538461 0.19230769230769232
3 0.7115384615384616 0.4375 0.10576923076923077 0.19230769230769232
4 0.8473557692307693 0.4375 0.10817307692307693 0.19230769230769232