0 0.10817307692307693 0.18870192307692307 0.10576923076923077 0.17067307692307693
5 0.2512019230769231 0.17548076923076922 0.10817307692307693 0.17307692307692307
7 0.3942307692307692 0.17427884615384615 0.10096153846153846 0.1658653846153846
8 0.5180288461538461 0.18269230769230768 0.0985576923076923 0.16346153846153846
9 0.6634615384615384 0.18389423076923078 0.10096153846153846 0.17067307692307693
10 0.7992788461538461 0.1875 0.10817307692307693 0.16826923076923078
11 0.9459134615384616 0.2283653846153846 0.10336538461538461 0.1778846153846154
12 0.11778846153846154 0.5685096153846154 0.11538461538461539 0.19951923076923078
1 0.25841346153846156 0.5685096153846154 0.11298076923076923 0.19471153846153846
2 0.39663461538461536 0.5745192307692307 0.10576923076923077 0.1971153846153846
6 0.5492788461538461 0.5600961538461539 0.10336538461538461 0.19230769230769232
3 0.6971153846153846 0.5661057692307693 0.10576923076923077 0.19471153846153846
4 0.8329326923076923 0.5685096153846154 0.10817307692307693 0.19471153846153846