0 0.5324519230769231 0.078125 0.17548076923076922 0.11298076923076923
5 0.5456730769230769 0.2127403846153846 0.1778846153846154 0.10336538461538461
7 0.5492788461538461 0.3545673076923077 0.17548076923076922 0.10336538461538461
8 0.546875 0.47596153846153844 0.17548076923076922 0.10096153846153846
9 0.5396634615384616 0.6201923076923077 0.18028846153846154 0.10576923076923077
10 0.5348557692307693 0.7596153846153846 0.18028846153846154 0.11057692307692307
11 0.49278846153846156 0.9110576923076923 0.1875 0.10576923076923077
12 0.17908653846153846 0.09975961538461539 0.16105769230769232 0.10336538461538461
1 0.1778846153846154 0.23317307692307693 0.15865384615384615 0.10576923076923077
2 0.16826923076923078 0.36177884615384615 0.16346153846153846 0.0985576923076923
6 0.18269230769230768 0.5048076923076923 0.16346153846153846 0.10096153846153846
3 0.17548076923076922 0.6478365384615384 0.16346153846153846 0.10336538461538461
4 0.17067307692307693 0.7788461538461539 0.16826923076923078 0.10576923076923077