0 0.3786057692307692 0.0829326923076923 0.16105769230769232 0.10336538461538461
5 0.34975961538461536 0.21754807692307693 0.1658653846153846 0.0985576923076923
7 0.33533653846153844 0.35336538461538464 0.15625 0.10096153846153846
8 0.3269230769230769 0.47475961538461536 0.15865384615384615 0.0985576923076923
9 0.3173076923076923 0.609375 0.16346153846153846 0.0985576923076923
10 0.30408653846153844 0.7379807692307693 0.1658653846153846 0.10096153846153846
11 0.33052884615384615 0.8846153846153846 0.1658653846153846 0.10576923076923077
12 0.7355769230769231 0.09134615384615384 0.1971153846153846 0.11057692307692307
1 0.7199519230769231 0.2283653846153846 0.19951923076923078 0.10576923076923077
2 0.7127403846153846 0.36177884615384615 0.19471153846153846 0.10336538461538461
6 0.6826923076923077 0.5120192307692307 0.1971153846153846 0.10096153846153846
3 0.671875 0.6574519230769231 0.19471153846153846 0.10336538461538461
4 0.6586538461538461 0.7908653846153846 0.1971153846153846 0.10576923076923077