0 0.8521634615384616 0.1201923076923077 0.18509615384615385 0.11538461538461539
5 0.8653846153846154 0.2644230769230769 0.19230769230769232 0.11057692307692307
7 0.8689903846153846 0.4110576923076923 0.18990384615384615 0.10576923076923077
8 0.8653846153846154 0.5420673076923077 0.19230769230769232 0.10817307692307693
9 0.859375 0.6959134615384616 0.18990384615384615 0.11298076923076923
10 0.8557692307692307 0.8377403846153846 0.1875 0.11298076923076923
11 0.8137019230769231 0.96875 0.19951923076923078 0.057692307692307696
12 0.4675480769230769 0.14903846153846154 0.17548076923076922 0.11057692307692307
1 0.4675480769230769 0.28725961538461536 0.17548076923076922 0.10817307692307693
2 0.45913461538461536 0.421875 0.17307692307692307 0.10336538461538461
6 0.4723557692307692 0.5685096153846154 0.17548076923076922 0.10336538461538461
3 0.4639423076923077 0.7175480769230769 0.1778846153846154 0.10817307692307693
4 0.4675480769230769 0.8545673076923077 0.18028846153846154 0.11298076923076923