0 0.3557692307692308 0.9242788461538461 0.18269230769230768 0.10817307692307693
5 0.3485576923076923 0.7908653846153846 0.18269230769230768 0.11057692307692307
7 0.3473557692307692 0.6514423076923077 0.18028846153846154 0.10576923076923077
8 0.35697115384615385 0.5276442307692307 0.18509615384615385 0.10336538461538461
9 0.36899038461538464 0.38341346153846156 0.18509615384615385 0.10817307692307693
10 0.3762019230769231 0.25 0.18509615384615385 0.10576923076923077
11 0.4230769230769231 0.09495192307692307 0.19230769230769232 0.10817307692307693
12 0.7055288461538461 0.8942307692307693 0.15625 0.10576923076923077
1 0.7127403846153846 0.7668269230769231 0.15625 0.10096153846153846
2 0.7223557692307693 0.6418269230769231 0.16105769230769232 0.10096153846153846
6 0.7163461538461539 0.5024038461538461 0.15865384615384615 0.09615384615384616
3 0.7295673076923077 0.3641826923076923 0.16105769230769232 0.0985576923076923
4 0.7367788461538461 0.23677884615384615 0.1658653846153846 0.10336538461538461