0 0.9399038461538461 0.6706730769230769 0.10576923076923077 0.18269230769230768
5 0.8016826923076923 0.6742788461538461 0.10817307692307693 0.18509615384615385
7 0.6610576923076923 0.6730769230769231 0.11057692307692307 0.1875
8 0.5360576923076923 0.6610576923076923 0.10096153846153846 0.1875
9 0.3942307692307692 0.6478365384615384 0.10576923076923077 0.18990384615384615
10 0.2548076923076923 0.640625 0.11057692307692307 0.18990384615384615
11 0.10336538461538461 0.5901442307692307 0.11057692307692307 0.19951923076923078
12 0.90625 0.3125 0.10096153846153846 0.15865384615384615
1 0.7764423076923077 0.30649038461538464 0.10096153846153846 0.16105769230769232
2 0.6502403846153846 0.29447115384615385 0.10336538461538461 0.16105769230769232
6 0.5120192307692307 0.29927884615384615 0.09615384615384616 0.16105769230769232
3 0.3737980769230769 0.28365384615384615 0.0985576923076923 0.16346153846153846
4 0.24639423076923078 0.2764423076923077 0.10336538461538461 0.16826923076923078