0 0.15384615384615385 0.8930288461538461 0.1875 0.10817307692307693
5 0.14182692307692307 0.75 0.19230769230769232 0.11057692307692307
7 0.140625 0.6045673076923077 0.18990384615384615 0.10817307692307693
8 0.14543269230769232 0.47475961538461536 0.19471153846153846 0.10817307692307693
9 0.15264423076923078 0.32211538461538464 0.19471153846153846 0.11057692307692307
10 0.15745192307692307 0.18028846153846154 0.18990384615384615 0.11538461538461539
11 0.203125 0.042067307692307696 0.19951923076923078 0.07932692307692307
12 0.53125 0.8617788461538461 0.16826923076923078 0.11298076923076923
1 0.5348557692307693 0.7271634615384616 0.17067307692307693 0.10817307692307693
2 0.5420673076923077 0.59375 0.17067307692307693 0.10096153846153846
6 0.53125 0.44711538461538464 0.16826923076923078 0.10576923076923077
3 0.5408653846153846 0.30288461538461536 0.17307692307692307 0.10576923076923077
4 0.5408653846153846 0.16947115384615385 0.17307692307692307 0.11298076923076923