0 0.08653846153846154 0.3786057692307692 0.10576923076923077 0.16105769230769232
5 0.22115384615384615 0.34975961538461536 0.10096153846153846 0.1658653846153846
7 0.3545673076923077 0.3329326923076923 0.09375 0.16105769230769232
8 0.4723557692307692 0.3269230769230769 0.09375 0.15865384615384615
9 0.609375 0.3161057692307692 0.0985576923076923 0.16105769230769232
10 0.7367788461538461 0.30408653846153844 0.0985576923076923 0.16105769230769232
11 0.8846153846153846 0.328125 0.10576923076923077 0.1658653846153846
12 0.09134615384615384 0.7331730769230769 0.11057692307692307 0.1971153846153846
1 0.22956730769230768 0.71875 0.10817307692307693 0.1971153846153846
2 0.36538461538461536 0.7079326923076923 0.10096153846153846 0.19951923076923078
6 0.5108173076923077 0.6766826923076923 0.0985576923076923 0.19471153846153846
3 0.65625 0.6682692307692307 0.10096153846153846 0.1971153846153846
4 0.7896634615384616 0.6550480769230769 0.10817307692307693 0.19471153846153846