0 0.4891826923076923 0.0733173076923077 0.17067307692307693 0.10336538461538461
5 0.5072115384615384 0.21033653846153846 0.17307692307692307 0.10336538461538461
7 0.515625 0.3485576923076923 0.17067307692307693 0.10096153846153846
8 0.5144230769230769 0.47115384615384615 0.17307692307692307 0.10096153846153846
9 0.5108173076923077 0.6117788461538461 0.17548076923076922 0.10336538461538461
10 0.5096153846153846 0.7487980769230769 0.17307692307692307 0.10336538461538461
11 0.4723557692307692 0.9014423076923077 0.18028846153846154 0.10576923076923077
12 0.1346153846153846 0.09375 0.16826923076923078 0.10576923076923077
1 0.1346153846153846 0.22596153846153846 0.16826923076923078 0.10576923076923077
2 0.13221153846153846 0.35697115384615385 0.17307692307692307 0.10336538461538461
6 0.14783653846153846 0.5012019230769231 0.17067307692307693 0.10336538461538461
3 0.14302884615384615 0.6454326923076923 0.17548076923076922 0.10336538461538461
4 0.14543269230769232 0.7788461538461539 0.17067307692307693 0.10576923076923077