0 0.2439903846153846 0.0673076923076923 0.18990384615384615 0.11538461538461539
5 0.23918269230769232 0.20673076923076922 0.18990384615384615 0.11538461538461539
7 0.2403846153846154 0.35096153846153844 0.19230769230769232 0.11057692307692307
8 0.25 0.4807692307692308 0.19230769230769232 0.11057692307692307
9 0.2644230769230769 0.625 0.19230769230769232 0.11057692307692307
10 0.27403846153846156 0.7632211538461539 0.1971153846153846 0.11298076923076923
11 0.31971153846153844 0.9182692307692307 0.20192307692307693 0.11057692307692307
12 0.6081730769230769 0.09975961538461539 0.15865384615384615 0.10817307692307693
1 0.6153846153846154 0.23076923076923078 0.15865384615384615 0.10576923076923077
2 0.6262019230769231 0.359375 0.16105769230769232 0.0985576923076923
6 0.6201923076923077 0.5024038461538461 0.15865384615384615 0.10096153846153846
3 0.6346153846153846 0.6418269230769231 0.15865384615384615 0.10576923076923077
4 0.6418269230769231 0.7704326923076923 0.16346153846153846 0.10336538461538461