0 0.8918269230769231 0.8112980769230769 0.10576923076923077 0.17067307692307693
5 0.7487980769230769 0.8245192307692307 0.10817307692307693 0.17307692307692307
7 0.6057692307692307 0.8257211538461539 0.10096153846153846 0.1658653846153846
8 0.48197115384615385 0.8173076923076923 0.0985576923076923 0.16346153846153846
9 0.33653846153846156 0.8161057692307693 0.10096153846153846 0.17067307692307693
10 0.20072115384615385 0.8125 0.10817307692307693 0.16826923076923078
11 0.054086538461538464 0.7716346153846154 0.10336538461538461 0.1778846153846154
12 0.8822115384615384 0.43149038461538464 0.11538461538461539 0.19951923076923078
1 0.7415865384615384 0.43149038461538464 0.11298076923076923 0.19471153846153846
2 0.6033653846153846 0.4254807692307692 0.10576923076923077 0.1971153846153846
6 0.45072115384615385 0.43990384615384615 0.10336538461538461 0.19230769230769232
3 0.30288461538461536 0.4338942307692308 0.10576923076923077 0.19471153846153846
4 0.16706730769230768 0.43149038461538464 0.10817307692307693 0.19471153846153846