0 0.9362980769230769 0.25240384615384615 0.10817307692307693 0.16826923076923078
5 0.7944711538461539 0.23918269230769232 0.10336538461538461 0.17067307692307693
7 0.6526442307692307 0.23677884615384615 0.10336538461538461 0.17067307692307693
8 0.5288461538461539 0.2439903846153846 0.10096153846153846 0.1658653846153846
9 0.3858173076923077 0.24879807692307693 0.10336538461538461 0.1658653846153846
10 0.25240384615384615 0.2512019230769231 0.10576923076923077 0.1658653846153846
11 0.1045673076923077 0.2920673076923077 0.10817307692307693 0.17548076923076922
12 0.9375 0.6237980769230769 0.11538461538461539 0.20432692307692307
1 0.7944711538461539 0.6262019230769231 0.10817307692307693 0.20432692307692307
2 0.6538461538461539 0.6298076923076923 0.11057692307692307 0.20192307692307693
6 0.5012019230769231 0.6153846153846154 0.10336538461538461 0.1971153846153846
3 0.35216346153846156 0.6201923076923077 0.10817307692307693 0.1971153846153846
4 0.21634615384615385 0.6213942307692307 0.11057692307692307 0.19951923076923078