0 0.9242788461538461 0.6442307692307693 0.10817307692307693 0.18269230769230768
5 0.7908653846153846 0.6514423076923077 0.11057692307692307 0.18269230769230768
7 0.6514423076923077 0.6526442307692307 0.10576923076923077 0.18028846153846154
8 0.5276442307692307 0.6430288461538461 0.10336538461538461 0.18509615384615385
9 0.38341346153846156 0.6310096153846154 0.10817307692307693 0.18509615384615385
10 0.25 0.6237980769230769 0.10576923076923077 0.18509615384615385
11 0.09495192307692307 0.5769230769230769 0.10817307692307693 0.19230769230769232
12 0.8942307692307693 0.29447115384615385 0.10576923076923077 0.15625
1 0.7668269230769231 0.28725961538461536 0.10096153846153846 0.15625
2 0.6418269230769231 0.2776442307692308 0.10096153846153846 0.16105769230769232
6 0.5024038461538461 0.28365384615384615 0.09615384615384616 0.15865384615384615
3 0.3641826923076923 0.2704326923076923 0.0985576923076923 0.16105769230769232
4 0.23677884615384615 0.26322115384615385 0.10336538461538461 0.1658653846153846