0 0.07091346153846154 0.7427884615384616 0.10817307692307693 0.16826923076923078
5 0.21153846153846154 0.7560096153846154 0.10576923076923077 0.17067307692307693
7 0.35336538461538464 0.7596153846153846 0.10576923076923077 0.16826923076923078
8 0.4807692307692308 0.7536057692307693 0.10096153846153846 0.1658653846153846
9 0.6237980769230769 0.75 0.10336538461538461 0.16826923076923078
10 0.7560096153846154 0.7487980769230769 0.10817307692307693 0.17067307692307693
11 0.9074519230769231 0.7079326923076923 0.10817307692307693 0.17548076923076922
12 0.06850961538461539 0.3701923076923077 0.11778846153846154 0.20673076923076922
1 0.21153846153846154 0.3701923076923077 0.11057692307692307 0.20673076923076922
2 0.35336538461538464 0.36538461538461536 0.11057692307692307 0.20673076923076922
6 0.5072115384615384 0.3798076923076923 0.10576923076923077 0.20192307692307693
3 0.6574519230769231 0.3762019230769231 0.10817307692307693 0.19951923076923078
4 0.796875 0.37740384615384615 0.11298076923076923 0.20192307692307693