0 0.07451923076923077 0.4170673076923077 0.10576923076923077 0.18028846153846154
5 0.21033653846153846 0.4074519230769231 0.10817307692307693 0.18028846153846154
7 0.35216346153846156 0.4074519230769231 0.10817307692307693 0.18028846153846154
8 0.47475961538461536 0.41225961538461536 0.0985576923076923 0.18028846153846154
9 0.6189903846153846 0.421875 0.10817307692307693 0.18509615384615385
10 0.7560096153846154 0.42788461538461536 0.10817307692307693 0.18269230769230768
11 0.9074519230769231 0.4699519230769231 0.11298076923076923 0.18990384615384615
12 0.10096153846153846 0.7704326923076923 0.10096153846153846 0.15625
1 0.23317307692307693 0.7716346153846154 0.10576923076923077 0.15865384615384615
2 0.3605769230769231 0.7824519230769231 0.10096153846153846 0.15625
6 0.5012019230769231 0.7728365384615384 0.0985576923076923 0.16105769230769232
3 0.6430288461538461 0.7824519230769231 0.10336538461538461 0.15625
4 0.7728365384615384 0.7884615384615384 0.10336538461538461 0.16346153846153846