0 0.10697115384615384 0.8461538461538461 0.10817307692307693 0.1875
5 0.25 0.8581730769230769 0.11057692307692307 0.19230769230769232
7 0.3954326923076923 0.859375 0.10817307692307693 0.18990384615384615
8 0.5252403846153846 0.8545673076923077 0.10817307692307693 0.19471153846153846
9 0.6778846153846154 0.8473557692307693 0.11057692307692307 0.19471153846153846
10 0.8197115384615384 0.8425480769230769 0.11538461538461539 0.18990384615384615
11 0.9579326923076923 0.796875 0.07932692307692307 0.19951923076923078
12 0.13822115384615385 0.46875 0.11298076923076923 0.16826923076923078
1 0.27283653846153844 0.4651442307692308 0.10817307692307693 0.17067307692307693
2 0.40625 0.4579326923076923 0.10096153846153846 0.17067307692307693
6 0.5528846153846154 0.46875 0.10576923076923077 0.16826923076923078
3 0.6971153846153846 0.45913461538461536 0.10576923076923077 0.17307692307692307
4 0.8305288461538461 0.45913461538461536 0.11298076923076923 0.17307692307692307