0 0.9122596153846154 0.2403846153846154 0.11298076923076923 0.16826923076923078
5 0.7704326923076923 0.22355769230769232 0.10817307692307693 0.1778846153846154
7 0.6262019230769231 0.21995192307692307 0.10336538461538461 0.17067307692307693
8 0.5 0.22115384615384615 0.10576923076923077 0.17307692307692307
9 0.35336538461538464 0.22235576923076922 0.10576923076923077 0.17548076923076922
10 0.21754807692307693 0.22115384615384615 0.10817307692307693 0.17307692307692307
11 0.06129807692307692 0.25841346153846156 0.11778846153846154 0.18509615384615385
12 0.9134615384615384 0.6177884615384616 0.11538461538461539 0.21153846153846154
1 0.765625 0.6141826923076923 0.11778846153846154 0.2091346153846154
2 0.6262019230769231 0.6213942307692307 0.10817307692307693 0.20432692307692307
6 0.4699519230769231 0.6021634615384616 0.10817307692307693 0.20432692307692307
3 0.3161057692307692 0.6057692307692307 0.11298076923076923 0.20673076923076922
4 0.17307692307692307 0.6021634615384616 0.11538461538461539 0.2091346153846154