0 0.08774038461538461 0.4254807692307692 0.10336538461538461 0.15865384615384615
5 0.22235576923076922 0.39903846153846156 0.0985576923076923 0.16346153846153846
7 0.3545673076923077 0.38100961538461536 0.0985576923076923 0.15625
8 0.4735576923076923 0.37259615384615385 0.09615384615384616 0.15384615384615385
9 0.6105769230769231 0.3605769230769231 0.10096153846153846 0.15384615384615385
10 0.734375 0.34975961538461536 0.10336538461538461 0.15625
11 0.8822115384615384 0.3737980769230769 0.10576923076923077 0.16105769230769232
12 0.09615384615384616 0.7776442307692307 0.11057692307692307 0.18990384615384615
1 0.23317307692307693 0.7608173076923077 0.10576923076923077 0.18990384615384615
2 0.36658653846153844 0.7524038461538461 0.10336538461538461 0.19230769230769232
6 0.5120192307692307 0.7211538461538461 0.10096153846153846 0.19230769230769232
3 0.65625 0.7115384615384616 0.10096153846153846 0.19230769230769232
4 0.7884615384615384 0.7007211538461539 0.10576923076923077 0.18990384615384615