0 0.8954326923076923 0.7487980769230769 0.10817307692307693 0.17548076923076922
5 0.7524038461538461 0.7668269230769231 0.10576923076923077 0.1778846153846154
7 0.6069711538461539 0.7740384615384616 0.10336538461538461 0.17307692307692307
8 0.47716346153846156 0.7740384615384616 0.10336538461538461 0.1778846153846154
9 0.32572115384615385 0.7764423076923077 0.10817307692307693 0.1778846153846154
10 0.1875 0.7776442307692307 0.11057692307692307 0.17548076923076922
11 0.04326923076923077 0.7403846153846154 0.08173076923076923 0.18269230769230768
12 0.8966346153846154 0.3641826923076923 0.11538461538461539 0.21394230769230768
1 0.7475961538461539 0.3713942307692308 0.11538461538461539 0.2091346153846154
2 0.6045673076923077 0.36658653846153844 0.10817307692307693 0.2091346153846154
6 0.44471153846153844 0.3870192307692308 0.11057692307692307 0.20673076923076922
3 0.2860576923076923 0.38341346153846156 0.11538461538461539 0.2091346153846154
4 0.13822115384615385 0.3870192307692308 0.11298076923076923 0.21153846153846154