0 0.921875 0.5324519230769231 0.11298076923076923 0.17548076923076922
5 0.7872596153846154 0.5456730769230769 0.10336538461538461 0.1778846153846154
7 0.6454326923076923 0.5492788461538461 0.10336538461538461 0.17548076923076922
8 0.5240384615384616 0.546875 0.10096153846153846 0.17548076923076922
9 0.3798076923076923 0.5396634615384616 0.10576923076923077 0.18028846153846154
10 0.2403846153846154 0.5348557692307693 0.11057692307692307 0.18028846153846154
11 0.0889423076923077 0.49278846153846156 0.10576923076923077 0.1875
12 0.9002403846153846 0.17908653846153846 0.10336538461538461 0.16105769230769232
1 0.7668269230769231 0.1778846153846154 0.10576923076923077 0.15865384615384615
2 0.6382211538461539 0.16826923076923078 0.0985576923076923 0.16346153846153846
6 0.4951923076923077 0.18269230769230768 0.10096153846153846 0.16346153846153846
3 0.35216346153846156 0.17548076923076922 0.10336538461538461 0.16346153846153846
4 0.22115384615384615 0.17067307692307693 0.10576923076923077 0.16826923076923078