0 0.8798076923076923 0.14783653846153846 0.11538461538461539 0.18509615384615385
5 0.7355769230769231 0.1346153846153846 0.11057692307692307 0.19230769230769232
7 0.5889423076923077 0.1310096153846154 0.10576923076923077 0.18990384615384615
8 0.4579326923076923 0.1346153846153846 0.10817307692307693 0.19230769230769232
9 0.30408653846153844 0.140625 0.11298076923076923 0.18990384615384615
10 0.1622596153846154 0.14423076923076922 0.11298076923076923 0.1875
11 0.03125 0.18629807692307693 0.057692307692307696 0.19951923076923078
12 0.8509615384615384 0.5324519230769231 0.11057692307692307 0.17548076923076922
1 0.7127403846153846 0.5324519230769231 0.10817307692307693 0.17548076923076922
2 0.578125 0.5408653846153846 0.10336538461538461 0.17307692307692307
6 0.43149038461538464 0.5276442307692307 0.10336538461538461 0.17548076923076922
3 0.2824519230769231 0.5360576923076923 0.10817307692307693 0.1778846153846154
4 0.14543269230769232 0.5324519230769231 0.11298076923076923 0.18028846153846154