0 0.2512019230769231 0.1045673076923077 0.17548076923076922 0.10817307692307693
5 0.23317307692307693 0.24759615384615385 0.1778846153846154 0.10576923076923077
7 0.22596153846153846 0.39302884615384615 0.17307692307692307 0.10336538461538461
8 0.22596153846153846 0.5228365384615384 0.1778846153846154 0.10336538461538461
9 0.22355769230769232 0.6742788461538461 0.1778846153846154 0.10817307692307693
10 0.22235576923076922 0.8125 0.17548076923076922 0.11057692307692307
11 0.25961538461538464 0.9567307692307693 0.18269230769230768 0.08173076923076923
12 0.6358173076923077 0.10336538461538461 0.21394230769230768 0.11538461538461539
1 0.6286057692307693 0.25240384615384615 0.2091346153846154 0.11538461538461539
2 0.6334134615384616 0.3954326923076923 0.2091346153846154 0.10817307692307693
6 0.6129807692307693 0.5552884615384616 0.20673076923076922 0.11057692307692307
3 0.6165865384615384 0.7139423076923077 0.2091346153846154 0.11538461538461539
4 0.6129807692307693 0.8617788461538461 0.21153846153846154 0.11298076923076923