0 0.9038461538461539 0.4423076923076923 0.10576923076923077 0.15865384615384615
5 0.7668269230769231 0.41466346153846156 0.10096153846153846 0.1658653846153846
7 0.6346153846153846 0.4014423076923077 0.10096153846153846 0.15384615384615385
8 0.5168269230769231 0.3942307692307692 0.09615384615384616 0.15384615384615385
9 0.3762019230769231 0.38341346153846156 0.10336538461538461 0.15625
10 0.24639423076923078 0.3713942307692308 0.10817307692307693 0.16105769230769232
11 0.09615384615384616 0.39783653846153844 0.11057692307692307 0.1658653846153846
12 0.8918269230769231 0.8004807692307693 0.11057692307692307 0.1875
1 0.7560096153846154 0.7860576923076923 0.10817307692307693 0.19230769230769232
2 0.6213942307692307 0.7776442307692307 0.10336538461538461 0.18990384615384615
6 0.47716346153846156 0.7487980769230769 0.10336538461538461 0.18990384615384615
3 0.3293269230769231 0.7427884615384616 0.10576923076923077 0.19230769230769232
4 0.19591346153846154 0.7295673076923077 0.10817307692307693 0.19471153846153846