0 0.9122596153846154 0.4254807692307692 0.10336538461538461 0.15865384615384615
5 0.7776442307692307 0.39903846153846156 0.0985576923076923 0.16346153846153846
7 0.6454326923076923 0.38100961538461536 0.0985576923076923 0.15625
8 0.5264423076923077 0.37259615384615385 0.09615384615384616 0.15384615384615385
9 0.3894230769230769 0.3605769230769231 0.10096153846153846 0.15384615384615385
10 0.265625 0.34975961538461536 0.10336538461538461 0.15625
11 0.11778846153846154 0.3737980769230769 0.10576923076923077 0.16105769230769232
12 0.9038461538461539 0.7776442307692307 0.11057692307692307 0.18990384615384615
1 0.7668269230769231 0.7608173076923077 0.10576923076923077 0.18990384615384615
2 0.6334134615384616 0.7524038461538461 0.10336538461538461 0.19230769230769232
6 0.4879807692307692 0.7211538461538461 0.10096153846153846 0.19230769230769232
3 0.34375 0.7115384615384616 0.10096153846153846 0.19230769230769232
4 0.21153846153846154 0.7007211538461539 0.10576923076923077 0.18990384615384615