0 0.8689903846153846 0.7427884615384616 0.11298076923076923 0.1778846153846154
5 0.7235576923076923 0.765625 0.11538461538461539 0.18509615384615385
7 0.578125 0.7752403846153846 0.10817307692307693 0.18509615384615385
8 0.44471153846153844 0.7800480769230769 0.11057692307692307 0.18028846153846154
9 0.2932692307692308 0.7872596153846154 0.11538461538461539 0.18509615384615385
10 0.1502403846153846 0.7956730769230769 0.11298076923076923 0.1875
11 0.021634615384615384 0.7584134615384616 0.038461538461538464 0.18509615384615385
12 0.8713942307692307 0.3557692307692308 0.11778846153846154 0.21634615384615385
1 0.7211538461538461 0.3629807692307692 0.11538461538461539 0.21634615384615385
2 0.5733173076923077 0.3629807692307692 0.11298076923076923 0.21634615384615385
6 0.4098557692307692 0.3870192307692308 0.11298076923076923 0.21634615384615385
3 0.24639423076923078 0.38461538461538464 0.11778846153846154 0.22115384615384615
4 0.09495192307692307 0.39302884615384615 0.12259615384615384 0.22355769230769232