0 0.15985576923076922 0.9002403846153846 0.18990384615384615 0.11298076923076923
5 0.14903846153846154 0.7584134615384616 0.19230769230769232 0.10817307692307693
7 0.14903846153846154 0.6129807692307693 0.19230769230769232 0.11057692307692307
8 0.15504807692307693 0.4831730769230769 0.19951923076923078 0.11057692307692307
9 0.1622596153846154 0.33052884615384615 0.19471153846153846 0.11298076923076923
10 0.17067307692307693 0.1875 0.19230769230769232 0.11538461538461539
11 0.21394230769230768 0.046875 0.20192307692307693 0.0889423076923077
12 0.5348557692307693 0.8701923076923077 0.1658653846153846 0.10576923076923077
1 0.5372596153846154 0.7319711538461539 0.1658653846153846 0.10817307692307693
2 0.5480769230769231 0.6009615384615384 0.16346153846153846 0.10096153846153846
6 0.5372596153846154 0.4579326923076923 0.1658653846153846 0.10336538461538461
3 0.5444711538461539 0.3137019230769231 0.1658653846153846 0.10336538461538461
4 0.5480769230769231 0.1814903846153846 0.16826923076923078 0.10817307692307693