0 0.5673076923076923 0.9134615384615384 0.15865384615384615 0.10576923076923077
5 0.5913461538461539 0.7752403846153846 0.16346153846153846 0.10336538461538461
7 0.6009615384615384 0.6370192307692307 0.15384615384615385 0.10096153846153846
8 0.6045673076923077 0.5168269230769231 0.15625 0.10096153846153846
9 0.609375 0.375 0.15625 0.10576923076923077
10 0.6153846153846154 0.2403846153846154 0.15865384615384615 0.11057692307692307
11 0.5877403846153846 0.0889423076923077 0.1658653846153846 0.11057692307692307
12 0.20793269230769232 0.8990384615384616 0.18509615384615385 0.10576923076923077
1 0.21875 0.7596153846153846 0.1875 0.11057692307692307
2 0.22115384615384615 0.6274038461538461 0.1875 0.10576923076923077
6 0.24519230769230768 0.4795673076923077 0.1875 0.10336538461538461
3 0.25 0.3329326923076923 0.1875 0.10336538461538461
4 0.25841346153846156 0.19951923076923078 0.18990384615384615 0.11057692307692307