0 0.18509615384615385 0.12379807692307693 0.16826923076923078 0.10817307692307693
5 0.171875 0.2668269230769231 0.17067307692307693 0.10096153846153846
7 0.16947115384615385 0.40865384615384615 0.1658653846153846 0.10096153846153846
8 0.17668269230769232 0.5360576923076923 0.17067307692307693 0.10576923076923077
9 0.18028846153846154 0.6778846153846154 0.16826923076923078 0.10576923076923077
10 0.18269230769230768 0.8137019230769231 0.16826923076923078 0.10817307692307693
11 0.22355769230769232 0.9543269230769231 0.1778846153846154 0.08653846153846154
12 0.5637019230769231 0.13341346153846154 0.19471153846153846 0.11298076923076923
1 0.5649038461538461 0.27403846153846156 0.19230769230769232 0.10576923076923077
2 0.5697115384615384 0.41225961538461536 0.19230769230769232 0.10336538461538461
6 0.5552884615384616 0.5612980769230769 0.19230769230769232 0.10336538461538461
3 0.5625 0.7115384615384616 0.19230769230769232 0.10576923076923077
4 0.5625 0.8473557692307693 0.19230769230769232 0.10817307692307693