0 0.09615384615384616 0.7572115384615384 0.11057692307692307 0.1778846153846154
5 0.2403846153846154 0.7776442307692307 0.10576923076923077 0.18028846153846154
7 0.38461538461538464 0.7824519230769231 0.10576923076923077 0.17548076923076922
8 0.5132211538461539 0.7800480769230769 0.10817307692307693 0.17548076923076922
9 0.6610576923076923 0.78125 0.11057692307692307 0.1778846153846154
10 0.8016826923076923 0.7836538461538461 0.11298076923076923 0.1778846153846154
11 0.9495192307692307 0.7451923076923077 0.09615384615384616 0.1875
12 0.09615384615384616 0.37740384615384615 0.1201923076923077 0.21153846153846154
1 0.2439903846153846 0.38221153846153844 0.11778846153846154 0.21153846153846154
2 0.38461538461538464 0.37740384615384615 0.11057692307692307 0.20673076923076922
6 0.5444711538461539 0.39663461538461536 0.11298076923076923 0.21153846153846154
3 0.6995192307692307 0.39302884615384615 0.11057692307692307 0.2091346153846154
4 0.84375 0.39783653846153844 0.11538461538461539 0.2091346153846154