0 0.14182692307692307 0.8689903846153846 0.10576923076923077 0.17067307692307693
5 0.2860576923076923 0.8846153846153846 0.11057692307692307 0.1778846153846154
7 0.42908653846153844 0.8894230769230769 0.10336538461538461 0.17307692307692307
8 0.5600961538461539 0.8834134615384616 0.10576923076923077 0.17067307692307693
9 0.7079326923076923 0.8822115384615384 0.10817307692307693 0.17307692307692307
10 0.8473557692307693 0.8786057692307693 0.11298076923076923 0.17067307692307693
11 0.9723557692307693 0.8389423076923077 0.05048076923076923 0.1875
12 0.15985576923076922 0.4855769230769231 0.11298076923076923 0.19230769230769232
1 0.3004807692307692 0.48677884615384615 0.11057692307692307 0.18990384615384615
2 0.4375 0.48197115384615385 0.10576923076923077 0.18990384615384615
6 0.5865384615384616 0.49399038461538464 0.10576923076923077 0.18990384615384615
3 0.7379807692307693 0.49038461538461536 0.11057692307692307 0.1971153846153846
4 0.875 0.49158653846153844 0.11057692307692307 0.19471153846153846