0 0.2824519230769231 0.8689903846153846 0.17548076923076922 0.11298076923076923
5 0.25841346153846156 0.7235576923076923 0.18509615384615385 0.11057692307692307
7 0.24519230769230768 0.5757211538461539 0.18269230769230768 0.10817307692307693
8 0.23918269230769232 0.44350961538461536 0.18028846153846154 0.10817307692307693
9 0.23197115384615385 0.2860576923076923 0.18509615384615385 0.11538461538461539
10 0.2247596153846154 0.14182692307692307 0.18509615384615385 0.11538461538461539
11 0.25721153846153844 0.018028846153846152 0.18269230769230768 0.03125
12 0.6706730769230769 0.8701923076923077 0.21634615384615385 0.1201923076923077
1 0.6610576923076923 0.7163461538461539 0.21634615384615385 0.1201923076923077
2 0.6610576923076923 0.5685096153846154 0.21634615384615385 0.11298076923076923
6 0.6358173076923077 0.40384615384615385 0.21875 0.11538461538461539
3 0.6346153846153846 0.23677884615384615 0.22115384615384615 0.11778846153846154
4 0.6274038461538461 0.08533653846153846 0.22596153846153846 0.12740384615384615