0 0.9290865384615384 0.25721153846153844 0.10817307692307693 0.16826923076923078
5 0.7884615384615384 0.2439903846153846 0.10576923076923077 0.17067307692307693
7 0.6466346153846154 0.2403846153846154 0.10576923076923077 0.16826923076923078
8 0.5192307692307693 0.24639423076923078 0.10096153846153846 0.1658653846153846
9 0.3762019230769231 0.25 0.10336538461538461 0.16826923076923078
10 0.2439903846153846 0.2512019230769231 0.10817307692307693 0.17067307692307693
11 0.09254807692307693 0.2920673076923077 0.10817307692307693 0.17548076923076922
12 0.9314903846153846 0.6298076923076923 0.11778846153846154 0.20673076923076922
1 0.7884615384615384 0.6298076923076923 0.11057692307692307 0.20673076923076922
2 0.6466346153846154 0.6346153846153846 0.11057692307692307 0.20673076923076922
6 0.49278846153846156 0.6201923076923077 0.10576923076923077 0.20192307692307693
3 0.3425480769230769 0.6237980769230769 0.10817307692307693 0.19951923076923078
4 0.203125 0.6225961538461539 0.11298076923076923 0.20192307692307693