0 0.3293269230769231 0.06009615384615385 0.18269230769230768 0.10576923076923077
5 0.32572115384615385 0.19831730769230768 0.18509615384615385 0.10817307692307693
7 0.3269230769230769 0.3389423076923077 0.1875 0.11057692307692307
8 0.3389423076923077 0.4639423076923077 0.1875 0.10096153846153846
9 0.35216346153846156 0.6057692307692307 0.18990384615384615 0.10576923076923077
10 0.359375 0.7451923076923077 0.18990384615384615 0.11057692307692307
11 0.4098557692307692 0.8966346153846154 0.19951923076923078 0.11057692307692307
12 0.6875 0.09375 0.15865384615384615 0.10096153846153846
1 0.6935096153846154 0.22355769230769232 0.16105769230769232 0.10096153846153846
2 0.7055288461538461 0.34975961538461536 0.16105769230769232 0.10336538461538461
6 0.7007211538461539 0.4879807692307692 0.16105769230769232 0.09615384615384616
3 0.7163461538461539 0.6262019230769231 0.16346153846153846 0.0985576923076923
4 0.7235576923076923 0.7536057692307693 0.16826923076923078 0.10336538461538461