0 0.09134615384615384 0.4387019230769231 0.10576923076923077 0.15625
5 0.22716346153846154 0.4098557692307692 0.10336538461538461 0.16105769230769232
7 0.3629807692307692 0.3942307692307692 0.09615384615384616 0.15384615384615385
8 0.4831730769230769 0.38461538461538464 0.09615384615384616 0.15384615384615385
9 0.6153846153846154 0.375 0.10096153846153846 0.15384615384615385
10 0.7439903846153846 0.36177884615384615 0.0985576923076923 0.15625
11 0.890625 0.3870192307692308 0.10336538461538461 0.15865384615384615
12 0.10336538461538461 0.7908653846153846 0.11057692307692307 0.1875
1 0.23918269230769232 0.7752403846153846 0.10336538461538461 0.18990384615384615
2 0.3737980769230769 0.7668269230769231 0.10336538461538461 0.19230769230769232
6 0.5180288461538461 0.7355769230769231 0.0985576923076923 0.19230769230769232
3 0.6646634615384616 0.7259615384615384 0.10336538461538461 0.1875
4 0.796875 0.7151442307692307 0.10817307692307693 0.18990384615384615